1.500000000000000000e+00 2.380824845728056971e+00 8.020343939103697917e-01
1.518367346938775508e+00 2.417421200467763764e+00 8.693331174781824267e-01
1.536734693877551017e+00 2.577096650032355107e+00 8.508355336698766314e-01
1.555102040816326525e+00 1.873638851045394738e+00 7.202944942920798121e-01
1.573469387755102034e+00 3.092159270662182102e+00 9.057933588309371453e-01
1.591836734693877542e+00 4.040986645157438772e+00 8.426800504330401731e-01
1.610204081632653050e+00 5.404563251268211133e+00 8.318119594050976673e-01
1.628571428571428559e+00 5.913004176767331366e+00 8.362547024464106471e-01
1.646938775510204067e+00 5.756689422097687192e+00 8.695214945755679326e-01
1.665306122448979576e+00 6.506749864325365174e+00 8.460634931951107607e-01
1.683673469387755084e+00 7.097097560180897879e+00 8.284165902304724272e-01
1.702040816326530592e+00 8.038490780176914541e+00 8.658378919198380652e-01
1.720408163265306101e+00 7.519959713861608996e+00 8.462830030269643533e-01
1.738775510204081609e+00 8.210537966378247177e+00 8.512554115587693815e-01
1.757142857142857117e+00 8.420039030425501281e+00 8.067591112343087678e-01
1.775510204081632626e+00 9.570593834655863219e+00 9.373514170765534503e-01
1.793877551020408134e+00 1.060596518199360361e+01 8.060349711395394801e-01
1.812244897959183643e+00 1.089360767327744206e+01 8.276093458307030026e-01
1.830612244897959151e+00 1.102865316102536219e+01 7.546553108212741279e-01
1.848979591836734659e+00 1.177708328721822539e+01 9.197109134339203074e-01
1.867346938775510168e+00 1.232286951702936229e+01 8.279640855337503380e-01
1.885714285714285676e+00 1.302537857154761980e+01 6.515751281515821391e-01
1.904081632653061185e+00 1.297677730108255467e+01 7.542820112016254130e-01
1.922448979591836693e+00 1.570388877320272769e+01 7.969727059598856744e-01
1.940816326530612201e+00 1.812434490134701903e+01 8.857157641252780822e-01
1.959183673469387710e+00 1.847457189449664838e+01 9.255587946480940964e-01
1.977551020408163218e+00 1.874817312813606307e+01 9.073065827228513625e-01
1.995918367346938727e+00 1.856569392631429949e+01 8.824757002658257798e-01
2.014285714285714235e+00 1.876985029729187104e+01 8.821061724823352490e-01
2.032653061224489743e+00 1.890829013020390548e+01 8.998671459277439721e-01
2.051020408163265252e+00 1.911260201280847326e+01 9.001006986377738661e-01
2.069387755102040760e+00 1.928794406015045126e+01 8.602254682834251653e-01
2.087755102040816269e+00 1.945125601456392772e+01 8.665596316387192966e-01
2.106122448979591777e+00 1.972369041582015825e+01 8.940908812137804418e-01
2.124489795918367285e+00 2.036068148202463846e+01 6.949994931101921569e-01
2.142857142857142794e+00 2.029748746645087820e+01 6.354586055424690239e-01
2.161224489795918302e+00 2.105289195471123875e+01 6.277980205843288752e-01
2.179591836734693810e+00 2.080732442054400622e+01 7.398668957870091489e-01
2.197959183673469319e+00 2.378922330129744722e+01 6.999741064914279942e-01
2.216326530612244827e+00 2.495965265558975688e+01 6.566242338972712034e-01
2.234693877551020336e+00 2.557239580612804275e+01 7.179976264772727212e-01
2.253061224489795844e+00 2.530009479351333823e+01 8.444219376245207798e-01
2.271428571428571352e+00 2.636304553465229361e+01 7.148874280737611553e-01
2.289795918367346861e+00 2.783499259894034594e+01 7.272186230301382892e-01
2.308163265306122369e+00 3.026201277410794788e+01 7.924245823481221862e-01
2.326530612244897878e+00 3.086716240514810750e+01 7.352049731928579357e-01
2.344897959183673386e+00 3.096019380166585933e+01 7.865778255948460140e-01
2.363265306122448894e+00 3.132715269991323481e+01 6.050335003186464444e-01
2.381632653061224403e+00 3.107665337427449614e+01 7.988640938370151767e-01
2.399999999999999911e+00 3.139806506685817311e+01 6.724683223383542963e-01
