1.500000000000000000e+00 2.136954847602176577e-01 9.114753988744652702e-01
1.518367346938775508e+00 4.385374813228299362e-01 9.741129553189478152e-01
1.536734693877551017e+00 6.662454940848977492e-01 9.424558170212914421e-01
1.555102040816326525e+00 8.741930536816464592e-01 8.638326734254627715e-01
1.573469387755102034e+00 1.046895277858065132e+00 7.657450217205280518e-01
1.591836734693877542e+00 1.399673061137575836e+00 7.953131417464414099e-01
1.610204081632653050e+00 1.774178327467005989e+00 6.813004974178922257e-01
1.628571428571428559e+00 2.178696586692689507e+00 5.709321166783780654e-01
1.646938775510204067e+00 2.686252974936967242e+00 5.140528366673835503e-01
1.665306122448979576e+00 3.303721874052155894e+00 5.785748980130470676e-01
1.683673469387755084e+00 1.460166807112057041e+00 8.488575599475342015e-01
1.702040816326530592e+00 2.640013323282069724e+00 9.567689498190691255e-01
1.720408163265306101e+00 3.557828006521708719e+00 8.011248317347197112e-01
1.738775510204081609e+00 4.342991991828659692e+00 9.444137909146503862e-01
1.757142857142857117e+00 5.073760198463072690e+00 9.105460973271566338e-01
1.775510204081632626e+00 5.496889030316912894e+00 8.586385792389883420e-01
1.793877551020408134e+00 5.864077386321516983e+00 9.139401003758997888e-01
1.812244897959183643e+00 5.982521559350002960e+00 8.138986163967418808e-01
1.830612244897959151e+00 7.344368346321934027e+00 5.958424016814662938e-01
1.848979591836734659e+00 6.485343371082783470e+00 7.814087320072540255e-01
1.867346938775510168e+00 7.001531356520511729e+00 6.915963410165416603e-01
1.885714285714285676e+00 7.461478452388294436e+00 8.369158411452961577e-01
1.904081632653061185e+00 8.097182381696047315e+00 8.796811251993749137e-01
1.922448979591836693e+00 9.052018127758017840e+00 8.889967361129803569e-01
1.940816326530612201e+00 9.874555958772914366e+00 7.982289908683127821e-01
1.959183673469387710e+00 1.071929590317541958e+01 6.163537551479492116e-01
1.977551020408163218e+00 1.111248935854505859e+01 8.131927483137846302e-01
1.995918367346938727e+00 1.135342724766390710e+01 7.036352702067705245e-01
2.014285714285714235e+00 1.180289154982310684e+01 9.814074774815103597e-01
2.032653061224489743e+00 1.187920278333572632e+01 9.482747289614945618e-01
2.051020408163265252e+00 1.209070867566356000e+01 8.602419656582129814e-01
2.069387755102040760e+00 1.260298182205974982e+01 8.804964798477447063e-01
2.087755102040816269e+00 1.199670391705882722e+01 9.195959335082809494e-01
2.106122448979591777e+00 1.209967127397446696e+01 8.319784038248443370e-01
2.124489795918367285e+00 1.202063234554663396e+01 9.417062467162811146e-01
2.142857142857142794e+00 1.211785348386853833e+01 9.041271356535853787e-01
2.161224489795918302e+00 1.254447318923715926e+01 7.725432731295280853e-01
2.179591836734693810e+00 1.188269105192428299e+01 5.521398851288779053e-01
2.197959183673469319e+00 1.206369668963393238e+01 9.575620815260779128e-01
2.216326530612244827e+00 1.270685409925906306e+01 6.985083851986416681e-01
2.234693877551020336e+00 1.286095363854097151e+01 6.629497559648038774e-01
2.253061224489795844e+00 1.301247840570406034e+01 6.440867768167169993e-01
2.271428571428571352e+00 1.304223620258811422e+01 5.886776278924696904e-01
2.289795918367346861e+00 1.304991196362204242e+01 5.519236899261765750e-01
2.308163265306122369e+00 1.319802388075735244e+01 5.289517346188006286e-01
2.326530612244897878e+00 1.354871770407183718e+01 4.877197343894149051e-01
2.344897959183673386e+00 1.296366704809600634e+01 3.529546466131304183e-01
2.363265306122448894e+00 1.324428470622817500e+01 3.421950656216452558e-01
2.381632653061224403e+00 1.303420464198636175e+01 5.831554247276807823e-01
2.399999999999999911e+00 1.376369271397645022e+01 9.165885554030599458e-01
