1.500000000000000000e+00 5.213106834195386369e-02 7.646553479157032207e-01
1.518367346938775508e+00 1.850812037585755077e-01 7.861436185436476709e-01
1.536734693877551017e+00 -3.535048830808842357e-01 8.424076038891031848e-01
1.555102040816326525e+00 -3.440654283991481655e-01 8.733013117559991212e-01
1.573469387755102034e+00 -5.479269479334401838e-02 8.642872911260679469e-01
1.591836734693877542e+00 1.991247379999145362e-01 8.303287605008407013e-01
1.610204081632653050e+00 4.337639757087206061e-01 7.882050907297288855e-01
1.628571428571428559e+00 6.845296585027940139e-01 7.696170783839186846e-01
1.646938775510204067e+00 1.196803523783476875e+00 8.520975662366735426e-01
1.665306122448979576e+00 1.523755120676638430e+00 6.627383571526337391e-01
1.683673469387755084e+00 1.925724848988935367e+00 5.705548048552391283e-01
1.702040816326530592e+00 2.461898898511996947e+00 5.189344353776333962e-01
1.720408163265306101e+00 3.157320718128015180e+00 5.264079635085630038e-01
1.738775510204081609e+00 4.273406410739763572e+00 7.431198158984453350e-01
1.757142857142857117e+00 2.687048270647621084e+00 8.950802562219628555e-01
1.775510204081632626e+00 3.524409833404192671e+00 8.226876925455091083e-01
1.793877551020408134e+00 4.291665458069330086e+00 9.790136981804991034e-01
1.812244897959183643e+00 4.873509738459399721e+00 8.992694631661821703e-01
1.830612244897959151e+00 5.256780953147069724e+00 8.769315356632804148e-01
1.848979591836734659e+00 5.682978490288798312e+00 8.653010978092339212e-01
1.867346938775510168e+00 5.902440733884289692e+00 7.954275600191288431e-01
1.885714285714285676e+00 6.481672706269387518e+00 8.148651331894700700e-01
1.904081632653061185e+00 7.844012454318022520e+00 4.785232688991061800e-01
1.922448979591836693e+00 7.411168391202224370e+00 5.475406298261208393e-01
1.940816326530612201e+00 8.693584087822102902e+00 4.733921944251426872e-01
1.959183673469387710e+00 9.528233371097890370e+00 5.453733219533657417e-01
1.977551020408163218e+00 9.939502157678663963e+00 5.944135591599004620e-01
1.995918367346938727e+00 1.016755838069932416e+01 6.098589693911756759e-01
2.014285714285714235e+00 1.050308102980086389e+01 7.524985653754771020e-01
2.032653061224489743e+00 1.095458892042269383e+01 9.436655916406186950e-01
2.051020408163265252e+00 1.084955019130825349e+01 7.876336158495268469e-01
2.069387755102040760e+00 1.135885996612975468e+01 9.253343116980468075e-01
2.087755102040816269e+00 1.152017704374783946e+01 9.072381630406672892e-01
2.106122448979591777e+00 1.168069893026817674e+01 9.334566101630760171e-01
2.124489795918367285e+00 1.215103771281825473e+01 8.896509077415347688e-01
2.142857142857142794e+00 1.084158247080185156e+01 5.053930469463534525e-01
2.161224489795918302e+00 1.149091864096250681e+01 7.085255424767988863e-01
2.179591836734693810e+00 1.178102430048008564e+01 8.198752164594336200e-01
2.197959183673469319e+00 1.220933714790371027e+01 9.280055185705261556e-01
2.216326530612244827e+00 1.176080113275880201e+01 4.979722799077487827e-01
2.234693877551020336e+00 1.201303875150200540e+01 5.245485365877687878e-01
2.253061224489795844e+00 1.108825075497782642e+01 5.361715897032758305e-01
2.271428571428571352e+00 1.191450616086705239e+01 9.126091822167528012e-01
2.289795918367346861e+00 1.262013247668984128e+01 9.776113946971197732e-01
2.308163265306122369e+00 1.240390801508838337e+01 7.637491474858129070e-01
2.326530612244897878e+00 1.234968159258231246e+01 7.473751954280675180e-01
2.344897959183673386e+00 1.243648356326207427e+01 7.051478933050888687e-01
2.363265306122448894e+00 1.228407222763684992e+01 6.568634662575021377e-01
2.381632653061224403e+00 1.223228006196691453e+01 7.677427765618434208e-01
2.399999999999999911e+00 1.245934718534858732e+01 7.303553694892906956e-01
