1.500000000000000000e+00 2.013700005506513069e+00 6.904371975933920602e-01
1.518367346938775508e+00 2.007234291918272184e+00 5.752307930700542027e-01
1.536734693877551017e+00 1.754108591923653426e+00 6.278525080805340552e-01
1.555102040816326525e+00 1.833862948858606678e+00 8.294451091833856538e-01
1.573469387755102034e+00 1.989718605934192253e+00 9.301457029502748775e-01
1.591836734693877542e+00 2.108074499435694360e+00 9.538355039097424770e-01
1.610204081632653050e+00 2.151812370284786002e+00 8.874180517365851673e-01
1.628571428571428559e+00 2.203990701777853278e+00 8.811089967309878590e-01
1.646938775510204067e+00 2.259014336070838791e+00 9.029733376370938647e-01
1.665306122448979576e+00 2.313457003675843282e+00 9.081579865860762713e-01
1.683673469387755084e+00 2.463729586838945718e+00 7.160589271117424603e-01
1.702040816326530592e+00 2.357591311593135952e+00 8.502656425067158796e-01
1.720408163265306101e+00 2.433038169980787035e+00 8.500361271066877444e-01
1.738775510204081609e+00 2.471475976665466590e+00 8.622263377722132471e-01
1.757142857142857117e+00 2.524864084824351096e+00 9.246769967281777136e-01
1.775510204081632626e+00 2.672134200861757680e+00 9.350715690308702976e-01
1.793877551020408134e+00 2.767824226152804545e+00 9.060502932248024610e-01
1.812244897959183643e+00 2.865270101872160691e+00 9.051296695702107931e-01
1.830612244897959151e+00 2.973070897993638440e+00 9.020011243227893383e-01
1.848979591836734659e+00 3.084831203142204714e+00 8.991215268021718332e-01
1.867346938775510168e+00 3.216338765139963307e+00 8.951935272591164949e-01
1.885714285714285676e+00 3.357137594600834163e+00 8.897792184983251973e-01
1.904081632653061185e+00 3.574361858925728441e+00 8.201017060649264945e-01
1.922448979591836693e+00 3.634756676715611867e+00 7.548335059833131133e-01
1.940816326530612201e+00 3.809402889592032437e+00 7.469754431069401956e-01
1.959183673469387710e+00 3.918941608022896705e+00 7.859342539016981322e-01
1.977551020408163218e+00 4.065720306077977853e+00 8.458142184924415385e-01
1.995918367346938727e+00 4.356638638693806520e+00 8.409968488714347767e-01
2.014285714285714235e+00 5.071183824892656844e+00 6.098308280899987777e-01
2.032653061224489743e+00 5.307968220002750037e+00 6.450864181286948273e-01
2.051020408163265252e+00 5.297268149368560941e+00 6.371462402459696639e-01
2.069387755102040760e+00 6.636159317672317037e+00 7.365321906687646303e-01
2.087755102040816269e+00 8.097609472767933525e+00 6.690841312084671033e-01
2.106122448979591777e+00 8.698485629335127811e+00 6.302992333753301146e-01
2.124489795918367285e+00 9.206653968602470428e+00 5.874270540895756287e-01
2.142857142857142794e+00 9.404323131312288808e+00 4.175676505282254203e-01
2.161224489795918302e+00 9.211268932662592945e+00 3.104072081096896918e-01
2.179591836734693810e+00 9.059194250793364489e+00 6.969912079879407862e-01
2.197959183673469319e+00 9.639196253387085633e+00 7.113278680803425402e-01
2.216326530612244827e+00 1.008672386695704759e+01 8.308231542861933550e-01
2.234693877551020336e+00 1.045123092482137039e+01 9.071030715130115052e-01
2.253061224489795844e+00 1.087604488603704489e+01 9.258546328461968455e-01
2.271428571428571352e+00 1.097193191521772881e+01 8.398930141286501394e-01
2.289795918367346861e+00 1.121118613755453985e+01 8.839341221618258748e-01
2.308163265306122369e+00 1.162413201025673715e+01 9.350200420341735486e-01
2.326530612244897878e+00 1.194993544865606161e+01 9.271242412699014501e-01
2.344897959183673386e+00 1.214013514665793281e+01 8.995489993403693596e-01
2.363265306122448894e+00 1.245568610759250028e+01 9.095618163257925826e-01
2.381632653061224403e+00 1.276441444940385317e+01 8.943981657933366414e-01
2.399999999999999911e+00 1.423222234581838563e+01 4.884273406542866125e-01
