1.500000000000000000e+00 -2.863687867922838137e+00 4.058380077962802646e-01
1.518367346938775508e+00 -3.645441348362329581e+00 4.723867513047154687e-01
1.536734693877551017e+00 -3.595162653164807320e+00 7.101928774719358239e-01
1.555102040816326525e+00 -3.454149706573028666e+00 8.392817094485297558e-01
1.573469387755102034e+00 -3.379037619076239896e+00 8.817953439822795447e-01
1.591836734693877542e+00 -3.421317781900424126e+00 7.562892325945154148e-01
1.610204081632653050e+00 -3.290060250302929479e+00 8.240105130827771740e-01
1.628571428571428559e+00 -3.027998744633158434e+00 9.237244549991487919e-01
1.646938775510204067e+00 -2.889298997758347198e+00 9.296634100854780369e-01
1.665306122448979576e+00 -2.731419727838836575e+00 8.846313777512776477e-01
1.683673469387755084e+00 -2.524132805314154293e+00 8.908726782658763499e-01
1.702040816326530592e+00 -2.311014832679439746e+00 8.683181125898251640e-01
1.720408163265306101e+00 -2.147066491138755584e+00 6.858540371539013636e-01
1.738775510204081609e+00 -2.126210796164496930e+00 5.699972270639642735e-01
1.757142857142857117e+00 -2.372946469419682458e+00 5.057172012277552087e-01
1.775510204081632626e+00 -2.388157819196627063e+00 5.767165014647156474e-01
1.793877551020408134e+00 -2.119627980464458883e+00 6.799391988939131881e-01
1.812244897959183643e+00 -1.774924861504419304e+00 6.308973116306022533e-01
1.830612244897959151e+00 -1.865691302946459240e+00 8.251006460940538689e-01
1.848979591836734659e+00 -1.223801528286039275e+00 9.333371845474663919e-01
1.867346938775510168e+00 -9.450203947704972629e-01 8.546051039793485238e-01
1.885714285714285676e+00 -2.895351487826802739e-01 8.003307339575135293e-01
1.904081632653061185e+00 5.646483586681340094e-01 7.732964716536876448e-01
1.922448979591836693e+00 1.087769937988596780e+00 8.042205036699998644e-01
1.940816326530612201e+00 1.605782850299522835e+00 7.751061863655139828e-01
1.959183673469387710e+00 1.672442971548761426e+00 7.129737923965430157e-01
1.977551020408163218e+00 1.819793824341456867e+00 5.923481971192060547e-01
1.995918367346938727e+00 2.970296721177071664e+00 8.097429048056445922e-01
2.014285714285714235e+00 3.973047793855349674e+00 6.829157071725986405e-01
2.032653061224489743e+00 4.132946207768401159e+00 4.416853694630806237e-01
2.051020408163265252e+00 4.672843293318290847e+00 6.193209306231568512e-01
2.069387755102040760e+00 4.838306361650980492e+00 5.660616249710770376e-01
2.087755102040816269e+00 4.908699696470899099e+00 5.233892647405379295e-01
2.106122448979591777e+00 5.277816550636030613e+00 5.466332314184971786e-01
2.124489795918367285e+00 5.913851303521662217e+00 6.772912947567402142e-01
2.142857142857142794e+00 6.562388805006591497e+00 7.264950489115448162e-01
2.161224489795918302e+00 6.081345783929262616e+00 5.183849127236417331e-01
2.179591836734693810e+00 6.462905403722223774e+00 4.507159878121458352e-01
2.197959183673469319e+00 6.977148793087820877e+00 6.270779035243148058e-01
2.216326530612244827e+00 7.157894509986324927e+00 6.289936648791433216e-01
2.234693877551020336e+00 7.124778028871368463e+00 6.117442861698029200e-01
2.253061224489795844e+00 7.899820345899570384e+00 7.814033810806415570e-01
2.271428571428571352e+00 7.798027353881170853e+00 8.901074515619397109e-01
2.289795918367346861e+00 8.052170714864992362e+00 9.120832737912344390e-01
2.308163265306122369e+00 8.360200669149957520e+00 8.839378807464194354e-01
2.326530612244897878e+00 8.610336978238260386e+00 7.175244880085750454e-01
2.344897959183673386e+00 8.048065861545000033e+00 5.569785452596169861e-01
2.363265306122448894e+00 8.127373624606512692e+00 6.284120445746985695e-01
2.381632653061224403e+00 8.348751445161923357e+00 7.892420502230551582e-01
2.399999999999999911e+00 8.246962275836187573e+00 6.196021189751403924e-01
