1.500000000000000000e+00 -2.887041455003668045e+00 6.004138905693500172e-01
1.518367346938775508e+00 -2.534009085981638432e+00 9.295995750771410826e-01
1.536734693877551017e+00 -1.997534196641396420e+00 9.638278786518328367e-01
1.555102040816326525e+00 -1.668899249326373901e+00 9.397699389479030607e-01
1.573469387755102034e+00 -1.359446208226752661e+00 9.570796698788044399e-01
1.591836734693877542e+00 -1.215637893300421490e+00 7.691940985880088011e-01
1.610204081632653050e+00 -1.260905734439550674e+00 6.978192405381778984e-01
1.628571428571428559e+00 -8.569907162593437544e-01 6.732738001833359354e-01
1.646938775510204067e+00 2.090647864497417185e-01 6.645651635945974967e-01
1.665306122448979576e+00 3.244458381396431612e+00 4.970934992435253608e-01
1.683673469387755084e+00 3.815088089791004666e+00 5.937151391933749300e-01
1.702040816326530592e+00 4.007697668884128817e+00 6.065528517472955627e-01
1.720408163265306101e+00 4.101145264985768257e+00 8.712211180207262151e-01
1.738775510204081609e+00 4.841522847841661203e+00 6.431898347280071704e-01
1.757142857142857117e+00 4.442183085563909728e+00 8.346777194714196657e-01
1.775510204081632626e+00 4.956906968751244591e+00 8.032356164363714246e-01
1.793877551020408134e+00 4.423556713968583409e+00 7.821054420115092221e-01
1.812244897959183643e+00 4.590982867565752912e+00 8.137222738764325891e-01
1.830612244897959151e+00 4.701523736823213895e+00 7.912782734551825348e-01
1.848979591836734659e+00 4.520572758331940832e+00 9.399223209340153984e-01
1.867346938775510168e+00 4.804425264917281169e+00 9.409654984253486010e-01
1.885714285714285676e+00 4.905075035404617978e+00 8.927493307440894643e-01
1.904081632653061185e+00 5.017334860488444015e+00 8.977972961134393914e-01
1.922448979591836693e+00 5.168137851731440691e+00 8.376842787126208556e-01
1.940816326530612201e+00 5.130773341383847885e+00 7.609768888056267500e-01
1.959183673469387710e+00 5.328630131796760594e+00 7.385967499959880112e-01
1.977551020408163218e+00 5.056829425396438538e+00 5.610468377863609968e-01
1.995918367346938727e+00 5.123561268635672405e+00 7.012687109448999534e-01
2.014285714285714235e+00 5.699438825183334778e+00 4.392703539628400322e-01
2.032653061224489743e+00 6.221362885174293922e+00 2.817315312473851474e-01
2.051020408163265252e+00 4.786015330774876730e+00 7.109340634750230814e-01
2.069387755102040760e+00 5.106047381352870396e+00 7.653374199498356178e-01
2.087755102040816269e+00 5.571033690795757387e+00 7.022214979263901036e-01
2.106122448979591777e+00 4.736729811639437848e+00 8.507308235022698062e-01
2.124489795918367285e+00 4.968736095243076356e+00 8.570968881198537392e-01
2.142857142857142794e+00 5.033108727724300735e+00 8.626904262156563918e-01
2.161224489795918302e+00 5.070034127433848070e+00 8.721875549580143661e-01
2.179591836734693810e+00 5.027046345816156503e+00 8.796549381788648647e-01
2.197959183673469319e+00 5.060004095061289675e+00 8.758334061921715374e-01
2.216326530612244827e+00 5.046988947940366899e+00 8.683037550371918156e-01
2.234693877551020336e+00 4.985150118349412907e+00 8.290093441248442829e-01
2.253061224489795844e+00 4.791867356719722082e+00 6.692741858189109605e-01
2.271428571428571352e+00 5.168353672805217514e+00 8.774671434632603795e-01
2.289795918367346861e+00 5.160705070576408815e+00 9.442417235117532837e-01
2.308163265306122369e+00 5.376035922581173132e+00 9.525770287323491736e-01
2.326530612244897878e+00 5.668894026632139926e+00 9.599539195129552782e-01
2.344897959183673386e+00 5.972661948702241652e+00 8.498800145644432869e-01
2.363265306122448894e+00 6.235035024597986641e+00 7.096140758292172057e-01
2.381632653061224403e+00 6.545002520793447687e+00 8.564074027027278602e-01
2.399999999999999911e+00 6.918406562555047046e+00 7.825343676718526931e-01
