1.500000000000000000e+00 -5.275813600377937673e-01 7.476423579241093798e-01
1.518367346938775508e+00 -5.350600058353167654e-01 6.933623568944411453e-01
1.536734693877551017e+00 -6.254232826397120304e-01 7.459898015555979089e-01
1.555102040816326525e+00 -5.800397184463232936e-01 8.460354692584906022e-01
1.573469387755102034e+00 -3.771073216709067144e-01 9.065870829666139441e-01
1.591836734693877542e+00 -1.720836794532711322e-01 8.984106755547387468e-01
1.610204081632653050e+00 3.500364163129894568e-02 8.714588007664875180e-01
1.628571428571428559e+00 2.680117024996137576e-01 8.443103362468807882e-01
1.646938775510204067e+00 7.189769931631027067e-01 8.219190202643590348e-01
1.665306122448979576e+00 9.237191199437150280e-01 8.109702402539930022e-01
1.683673469387755084e+00 1.120918390214863392e+00 7.965098914308760270e-01
1.702040816326530592e+00 1.418334818534996655e+00 8.087472893221360204e-01
1.720408163265306101e+00 1.981365949387281278e+00 7.914065052599817962e-01
1.738775510204081609e+00 2.363490937487380261e+00 8.539946986695070574e-01
1.757142857142857117e+00 2.380448283103067109e+00 8.399688356946448664e-01
1.775510204081632626e+00 3.074573154306356582e+00 6.438443670703860588e-01
1.793877551020408134e+00 4.018056861752462794e+00 8.207307505396249647e-01
1.812244897959183643e+00 4.500134813575003001e+00 8.164737665479901985e-01
1.830612244897959151e+00 4.831153266146079872e+00 8.163771651347099256e-01
1.848979591836734659e+00 5.113270745585948518e+00 8.378948310858954640e-01
1.867346938775510168e+00 5.460474389949855123e+00 8.517359640140237387e-01
1.885714285714285676e+00 5.926024646620414948e+00 8.119262731289857982e-01
1.904081632653061185e+00 7.431490810259559154e+00 6.652050288954699520e-01
1.922448979591836693e+00 7.873690615073095422e+00 6.611288561393229291e-01
1.940816326530612201e+00 8.406634717405621515e+00 7.322336863647727068e-01
1.959183673469387710e+00 9.295931109383273494e+00 8.051738203412930339e-01
1.977551020408163218e+00 9.683500732916833442e+00 8.338976011820795620e-01
1.995918367346938727e+00 9.940790157410464900e+00 7.744522300983701646e-01
2.014285714285714235e+00 1.004980450728905872e+01 8.370364776487144720e-01
2.032653061224489743e+00 1.061667512479269782e+01 9.341276838780568914e-01
2.051020408163265252e+00 1.107320182058156277e+01 8.899673386401144581e-01
2.069387755102040760e+00 1.048755622375660401e+01 6.431986471096823310e-01
2.087755102040816269e+00 1.096311281084274825e+01 8.542237875218074983e-01
2.106122448979591777e+00 1.122909573507065417e+01 8.938592295948528665e-01
2.124489795918367285e+00 1.170581761359512107e+01 8.643943095652854014e-01
2.142857142857142794e+00 1.079801758544399704e+01 6.723005568504012430e-01
2.161224489795918302e+00 1.123221468971051529e+01 8.272029294056058024e-01
2.179591836734693810e+00 1.154848584421374014e+01 8.840048832390188238e-01
2.197959183673469319e+00 1.141674039601432611e+01 8.246139762495775516e-01
2.216326530612244827e+00 1.127114150289754235e+01 6.105019539135287943e-01
2.234693877551020336e+00 1.148402829220745858e+01 6.105412116739217243e-01
2.253061224489795844e+00 1.133706617152709839e+01 4.809543213440117260e-01
2.271428571428571352e+00 1.150001166312633671e+01 8.076646970749911114e-01
2.289795918367346861e+00 1.209866674109465912e+01 8.232426188451651416e-01
2.308163265306122369e+00 1.235674215496066353e+01 7.971746500556885495e-01
2.326530612244897878e+00 1.222203444953100160e+01 8.087658119855696270e-01
2.344897959183673386e+00 1.222121056209541479e+01 8.342260063026867289e-01
2.363265306122448894e+00 1.257161669134231374e+01 6.685487072206078851e-01
2.381632653061224403e+00 1.254854051819766525e+01 7.525374186811946142e-01
2.399999999999999911e+00 1.250221796650284389e+01 8.300888562093822198e-01
