1.500000000000000000e+00 2.490512412585856872e+00 9.471163373828772603e-01
1.518367346938775508e+00 2.579407847321131708e+00 9.423523496386896348e-01
1.536734693877551017e+00 2.633537224631020912e+00 8.822595728498187073e-01
1.555102040816326525e+00 2.606731356263908062e+00 7.915134700244875754e-01
1.573469387755102034e+00 2.688045099620647527e+00 8.552757035202852576e-01
1.591836734693877542e+00 2.730832077590902518e+00 8.644368927301129268e-01
1.610204081632653050e+00 2.762621987782381883e+00 8.611798146894226180e-01
1.628571428571428559e+00 2.939159096849699448e+00 8.556782249989939304e-01
1.646938775510204067e+00 2.722771014869174611e+00 7.559907545980292243e-01
1.665306122448979576e+00 2.811435396894664152e+00 7.628824110499881073e-01
1.683673469387755084e+00 2.818453557703094248e+00 7.620731440742752882e-01
1.702040816326530592e+00 2.790648307007260076e+00 8.404701920896640033e-01
1.720408163265306101e+00 2.944209951402378511e+00 9.429901146404892076e-01
1.738775510204081609e+00 3.099134437137171627e+00 9.405474151521145965e-01
1.757142857142857117e+00 3.223149928355274696e+00 9.255692797528234372e-01
1.775510204081632626e+00 3.339887236571646767e+00 9.128441097400543658e-01
1.793877551020408134e+00 3.455301678120946018e+00 9.056658449437884340e-01
1.812244897959183643e+00 3.587475710953337948e+00 9.098727469665319756e-01
1.830612244897959151e+00 3.765976038898604994e+00 8.835907018977887661e-01
1.848979591836734659e+00 3.924510607087277503e+00 8.397391258429890426e-01
1.867346938775510168e+00 3.327722711120428833e+00 2.523719886192238859e-01
1.885714285714285676e+00 4.197216661369536084e+00 7.847096608094716874e-01
1.904081632653061185e+00 4.339578336199673814e+00 7.748253063003063268e-01
1.922448979591836693e+00 4.470558600268439875e+00 7.293932596843591964e-01
1.940816326530612201e+00 4.123879979462985901e+00 7.191696708687526085e-01
1.959183673469387710e+00 4.894084741213336365e+00 9.328058579691191898e-01
1.977551020408163218e+00 5.069471878967012124e+00 8.575690318887733143e-01
1.995918367346938727e+00 5.638239566781739320e+00 8.504730771702438963e-01
2.014285714285714235e+00 6.223472918697266820e+00 8.897181175183086488e-01
2.032653061224489743e+00 6.981363446877924872e+00 8.947131457580850267e-01
2.051020408163265252e+00 7.596388955538948551e+00 6.402404421188321315e-01
2.069387755102040760e+00 8.278514838232048589e+00 4.291060772947914437e-01
2.087755102040816269e+00 8.927981897983009674e+00 3.783295088840533671e-01
2.106122448979591777e+00 8.742201668640150913e+00 4.149494014986587209e-01
2.124489795918367285e+00 9.582807442532153885e+00 6.985610013468244173e-01
2.142857142857142794e+00 1.033377490902940643e+01 7.336909419680586186e-01
2.161224489795918302e+00 1.068211410713105103e+01 7.710292519256545241e-01
2.179591836734693810e+00 1.062097777669335841e+01 4.538143659743675840e-01
2.197959183673469319e+00 1.076932558612722346e+01 5.981208328039143707e-01
2.216326530612244827e+00 1.119118822805750746e+01 7.379619821367616739e-01
2.234693877551020336e+00 1.173215804733594148e+01 8.431226850755684232e-01
2.253061224489795844e+00 1.226468067176764087e+01 8.069891730072904501e-01
2.271428571428571352e+00 1.235220192251509097e+01 8.533231616058701841e-01
2.289795918367346861e+00 1.279977065643998202e+01 8.763867405315541870e-01
2.308163265306122369e+00 1.312841899595906980e+01 8.474660352760003956e-01
2.326530612244897878e+00 1.335270069833653039e+01 8.252478419691550160e-01
2.344897959183673386e+00 1.390533312869803773e+01 8.563987155912968774e-01
2.363265306122448894e+00 1.375950499061091747e+01 6.579318077836477929e-01
2.381632653061224403e+00 1.552223011703629041e+01 5.016452891013482018e-01
2.399999999999999911e+00 1.314874485825405159e+01 4.327552020980464098e-01
