1.500000000000000000e+00 -2.629624057522365277e+00 5.600448971344886839e-01
1.518367346938775508e+00 -2.527400252594053320e+00 7.476021115120710103e-01
1.536734693877551017e+00 -2.426182906196471922e+00 6.872176958894734566e-01
1.555102040816326525e+00 -2.463994705897082582e+00 8.047136511392380953e-01
1.573469387755102034e+00 -2.199557960930865974e+00 8.834211773834805825e-01
1.591836734693877542e+00 -2.080513716545478342e+00 8.661298698837666121e-01
1.610204081632653050e+00 -1.908465159006783818e+00 8.955944139433409390e-01
1.628571428571428559e+00 -1.714359503171791532e+00 8.905091640605719006e-01
1.646938775510204067e+00 -1.483922824944280405e+00 7.994826890909874084e-01
1.665306122448979576e+00 -1.357435667365604059e+00 6.218666001954563649e-01
1.683673469387755084e+00 -1.198957219890218084e+00 6.680017816950057918e-01
1.702040816326530592e+00 -1.249248573998048784e+00 5.981203335465404836e-01
1.720408163265306101e+00 -1.141157463520385829e+00 5.159359203121900439e-01
1.738775510204081609e+00 -1.282177024309497648e+00 4.711445029909678839e-01
1.757142857142857117e+00 -1.099435104354685055e+00 6.171119999362655317e-01
1.775510204081632626e+00 -1.079348586357512296e+00 7.972277885537709663e-01
1.793877551020408134e+00 -5.178629248308106447e-01 8.374284993095063578e-01
1.812244897959183643e+00 1.424096487255065435e-01 7.898934282478267122e-01
1.830612244897959151e+00 5.080942205027110248e-01 7.624155227635577292e-01
1.848979591836734659e+00 9.869400739570830527e-01 7.495655944531725012e-01
1.867346938775510168e+00 1.497822096237112932e+00 7.404586255886206336e-01
1.885714285714285676e+00 2.076918944377580178e+00 7.450923812783316613e-01
1.904081632653061185e+00 2.187722129966644946e+00 7.678323736969764335e-01
1.922448979591836693e+00 2.521156023237837385e+00 7.963895865470208557e-01
1.940816326530612201e+00 3.984789915177080477e+00 4.839355382518721882e-01
1.959183673469387710e+00 3.096750773358118991e+00 5.961325858553440105e-01
1.977551020408163218e+00 3.335344714237586938e+00 6.221095136091354671e-01
1.995918367346938727e+00 3.877825496379552650e+00 5.832522307174589082e-01
2.014285714285714235e+00 4.047256470459188016e+00 4.693187716495531570e-01
2.032653061224489743e+00 4.164610426409446120e+00 3.247017922183346728e-01
2.051020408163265252e+00 5.654413458365072920e+00 6.567419756435229905e-01
2.069387755102040760e+00 6.218036262796747593e+00 5.107672959678334346e-01
2.087755102040816269e+00 6.926330112384995630e+00 6.531307242470675289e-01
2.106122448979591777e+00 7.329807964770367334e+00 5.916655339956066184e-01
2.124489795918367285e+00 7.698500705817784784e+00 6.494594664951857110e-01
2.142857142857142794e+00 8.103220666618707213e+00 6.608455649645231800e-01
2.161224489795918302e+00 8.201590375006356126e+00 8.304131581805108686e-01
2.179591836734693810e+00 8.474371227997242073e+00 9.124325118451319661e-01
2.197959183673469319e+00 8.755933354773105748e+00 9.392025965471816340e-01
2.216326530612244827e+00 8.871576895792191664e+00 9.510734672068349438e-01
2.234693877551020336e+00 8.895001168652221679e+00 8.932124339123101997e-01
2.253061224489795844e+00 9.160938408553979784e+00 8.736383138036910578e-01
2.271428571428571352e+00 9.269701439839003854e+00 9.371052438701518161e-01
2.289795918367346861e+00 9.490780982698307611e+00 9.272764406528450909e-01
2.308163265306122369e+00 9.946574271681873469e+00 8.427659028994221035e-01
2.326530612244897878e+00 9.272521193608534773e+00 2.789420785730862828e-01
2.344897959183673386e+00 9.340376106635734033e+00 7.222779254631548351e-01
2.363265306122448894e+00 9.607650593454041044e+00 7.817726929442098127e-01
2.381632653061224403e+00 9.730340772796809645e+00 8.197934199984359127e-01
2.399999999999999911e+00 1.006858299452738237e+01 8.498533614960550597e-01
