1.500000000000000000e+00 -1.585835615542058541e+00 7.160078043194149089e-01
1.518367346938775508e+00 -1.464862030334466825e+00 6.175040557274343866e-01
1.536734693877551017e+00 -2.372369476029807966e+00 4.228539708653590301e-01
1.555102040816326525e+00 -2.391637117976191718e+00 7.228340694600817740e-01
1.573469387755102034e+00 -2.049087267806753765e+00 8.984325826286186922e-01
1.591836734693877542e+00 -1.835021844059683271e+00 9.331259106422172822e-01
1.610204081632653050e+00 -1.654546452075931873e+00 9.272392094953663122e-01
1.628571428571428559e+00 -1.487405458375545386e+00 9.282703326488672690e-01
1.646938775510204067e+00 -1.282450960602888657e+00 8.778901298501754491e-01
1.665306122448979576e+00 -1.078622959093574529e+00 7.632104276534638077e-01
1.683673469387755084e+00 -1.035847923030093654e+00 6.462862626559039425e-01
1.702040816326530592e+00 -1.032846385723664717e+00 6.487177269059519746e-01
1.720408163265306101e+00 -8.495070424646461449e-01 6.221293683148247933e-01
1.738775510204081609e+00 -6.484073941365868787e-01 5.239382194529736969e-01
1.757142857142857117e+00 -1.071384189545985910e+00 4.771874649743358399e-01
1.775510204081632626e+00 -8.077239671696855305e-01 8.386442094890613763e-01
1.793877551020408134e+00 -2.769761264518919575e-01 9.090960930269119666e-01
1.812244897959183643e+00 1.826140619852344160e-01 8.775943833803857563e-01
1.830612244897959151e+00 6.304267761594619657e-01 8.422444970862693614e-01
1.848979591836734659e+00 1.105658091256113584e+00 8.158064541189308239e-01
1.867346938775510168e+00 1.578664031941073631e+00 7.944258471879863670e-01
1.885714285714285676e+00 2.042188111745346202e+00 7.811321011443087547e-01
1.904081632653061185e+00 2.405147209586379287e+00 8.081240018454222129e-01
1.922448979591836693e+00 2.710874021966907854e+00 8.612260164856214706e-01
1.940816326530612201e+00 3.227600210395817903e+00 9.748058367177356853e-01
1.959183673469387710e+00 3.683959616618591060e+00 7.452436371433071027e-01
1.977551020408163218e+00 3.921097731571952849e+00 7.797933414053697110e-01
1.995918367346938727e+00 4.305523970510066967e+00 7.846963109613713794e-01
2.014285714285714235e+00 4.778278051110861568e+00 7.956204673023846707e-01
2.032653061224489743e+00 5.411329379869489919e+00 7.824492033603847041e-01
2.051020408163265252e+00 6.082117603087167090e+00 6.950010121694601972e-01
2.069387755102040760e+00 6.582089577759368204e+00 4.822791529761864537e-01
2.087755102040816269e+00 7.030534112249070766e+00 3.408260181569354730e-01
2.106122448979591777e+00 7.387352721141552614e+00 6.349939740563645962e-01
2.124489795918367285e+00 7.935382437624558527e+00 7.832120986734747436e-01
2.142857142857142794e+00 8.321752364744554598e+00 8.581529346670637715e-01
2.161224489795918302e+00 8.618658615077061214e+00 8.974601420360427406e-01
2.179591836734693810e+00 8.858464719407008303e+00 9.298736336760928811e-01
2.197959183673469319e+00 9.055521584220693754e+00 9.349541213504295456e-01
2.216326530612244827e+00 9.225118310131495747e+00 9.417240568473146389e-01
2.234693877551020336e+00 9.415808577485149655e+00 9.461403499757354840e-01
2.253061224489795844e+00 9.477767847741793261e+00 9.586986940577014726e-01
2.271428571428571352e+00 9.677672095975863087e+00 9.647377330957825903e-01
2.289795918367346861e+00 9.887793482577807325e+00 9.404994489816237424e-01
2.308163265306122369e+00 1.031997995830852943e+01 6.726206385868610527e-01
2.326530612244897878e+00 9.769170987684745455e+00 7.907136061288215778e-01
2.344897959183673386e+00 9.586583027972825022e+00 6.556438378493792962e-01
2.363265306122448894e+00 9.960481189465440366e+00 8.634836774236563928e-01
2.381632653061224403e+00 1.010638365455855414e+01 9.362554901935190577e-01
2.399999999999999911e+00 1.035096194896518895e+01 9.588513893826943191e-01
