1.500000000000000000e+00 8.274902440955322902e-01 9.480773688057831938e-01
1.518367346938775508e+00 1.008870957191023265e+00 9.333165588411090896e-01
1.536734693877551017e+00 1.152713395964614751e+00 8.259941472316760791e-01
1.555102040816326525e+00 1.469831056010937109e+00 7.541622947411161793e-01
1.573469387755102034e+00 1.650520429689175339e+00 7.077614372415141908e-01
1.591836734693877542e+00 1.730478869144380205e+00 6.740844173148582419e-01
1.610204081632653050e+00 1.610944048379282734e+00 7.333574923271541923e-01
1.628571428571428559e+00 1.984870184240661972e+00 7.547899257031099873e-01
1.646938775510204067e+00 2.198161514895942137e+00 8.910966021162123329e-01
1.665306122448979576e+00 3.260995230185912419e+00 7.915256193352063763e-01
1.683673469387755084e+00 4.351049653745482360e+00 7.077276143257743568e-01
1.702040816326530592e+00 5.070106926135602876e+00 8.417304638026822383e-01
1.720408163265306101e+00 5.619817290976264701e+00 9.136569978546519311e-01
1.738775510204081609e+00 5.932329628921205078e+00 9.401312020765788535e-01
1.757142857142857117e+00 6.130389519725996550e+00 9.326105271050029177e-01
1.775510204081632626e+00 6.661896480029834144e+00 9.107193187690949543e-01
1.793877551020408134e+00 7.144503203052869011e+00 9.136567717163758262e-01
1.812244897959183643e+00 7.310766714533744270e+00 9.141731645967811071e-01
1.830612244897959151e+00 7.795632361525357545e+00 8.872396147777227293e-01
1.848979591836734659e+00 8.330177434625275268e+00 8.918408997006895822e-01
1.867346938775510168e+00 9.058529651000094773e+00 8.804816783080806619e-01
1.885714285714285676e+00 9.873848433373980882e+00 9.210369177967642207e-01
1.904081632653061185e+00 1.108901033240119460e+01 5.564058067689261478e-01
1.922448979591836693e+00 1.088102531105961113e+01 7.839583603383357691e-01
1.940816326530612201e+00 1.137184073111730953e+01 7.794348605161831589e-01
1.959183673469387710e+00 1.174732001118765723e+01 8.181677749186286874e-01
1.977551020408163218e+00 1.195730566287986818e+01 8.267308979192874441e-01
1.995918367346938727e+00 1.221447677356285233e+01 8.451702301089256686e-01
2.014285714285714235e+00 1.316301506699049995e+01 8.294737608401980822e-01
2.032653061224489743e+00 1.260724155721460704e+01 8.670879726662311660e-01
2.051020408163265252e+00 1.208501827950879814e+01 8.484951534757407821e-01
2.069387755102040760e+00 1.222957051262239503e+01 8.259562707711616270e-01
2.087755102040816269e+00 1.266652918306248665e+01 7.212295820577828698e-01
2.106122448979591777e+00 1.275602107837250365e+01 7.342601256130366627e-01
2.124489795918367285e+00 1.224178607733138158e+01 8.355399007361462571e-01
2.142857142857142794e+00 1.223620987504912172e+01 8.276842178178613896e-01
2.161224489795918302e+00 1.278712076844221812e+01 8.202886640372301086e-01
2.179591836734693810e+00 1.300887080332133472e+01 7.863575588918042536e-01
2.197959183673469319e+00 1.312884552813306627e+01 7.859301605770601107e-01
2.216326530612244827e+00 1.314529615548160635e+01 8.278834066985543139e-01
2.234693877551020336e+00 1.266842467786817750e+01 6.645548487712670260e-01
2.253061224489795844e+00 1.337204761232826478e+01 5.332413022730754237e-01
2.271428571428571352e+00 1.366732724987573988e+01 4.558000364596280773e-01
2.289795918367346861e+00 1.391948353830172280e+01 5.934469163871741726e-01
2.308163265306122369e+00 1.439012782810917024e+01 6.973842283947037091e-01
2.326530612244897878e+00 1.459795621911458774e+01 7.870602812957646632e-01
2.344897959183673386e+00 1.498747391849640920e+01 7.696631129005174765e-01
2.363265306122448894e+00 1.607680681909077336e+01 7.290455301747618133e-01
2.381632653061224403e+00 1.430768133606866499e+01 8.018514746704290541e-01
2.399999999999999911e+00 1.562141450615928306e+01 7.922721746296634837e-01
