1.500000000000000000e+00 2.715577304630218958e+00 7.154464589135434149e-01
1.518367346938775508e+00 3.224020205501979319e+00 9.149461210243949871e-01
1.536734693877551017e+00 4.229472212436287570e+00 8.646482447569195928e-01
1.555102040816326525e+00 4.580189301910314370e+00 9.216095986665499007e-01
1.573469387755102034e+00 5.330171335260029508e+00 9.230516804222655969e-01
1.591836734693877542e+00 6.061835278388533865e+00 9.726830795952400299e-01
1.610204081632653050e+00 6.641946004336477749e+00 9.447445398819649398e-01
1.628571428571428559e+00 7.293248730986146455e+00 7.530421812425421857e-01
1.646938775510204067e+00 7.628408775637501194e+00 7.469727464161870500e-01
1.665306122448979576e+00 7.247538223292046666e+00 8.885569315223156295e-01
1.683673469387755084e+00 7.578610445735761481e+00 9.110359593949727275e-01
1.702040816326530592e+00 8.032610142452364599e+00 9.345866293283142667e-01
1.720408163265306101e+00 9.369788956257103507e+00 8.480777982163033579e-01
1.738775510204081609e+00 1.197538093394308945e+01 7.559654689918501314e-01
1.757142857142857117e+00 1.378462018398643707e+01 4.637071660071727663e-01
1.775510204081632626e+00 1.094260162900543421e+01 6.755012970994258570e-01
1.793877551020408134e+00 1.243438725733763484e+01 9.300895601149345993e-01
1.812244897959183643e+00 1.303628448216305813e+01 9.389753723912603878e-01
1.830612244897959151e+00 1.328460897996504642e+01 6.979714792685641767e-01
1.848979591836734659e+00 1.313574616445495913e+01 8.275785789879318566e-01
1.867346938775510168e+00 1.348044703822897539e+01 7.158326751279088240e-01
1.885714285714285676e+00 1.325833356157854404e+01 7.631017344434525285e-01
1.904081632653061185e+00 1.336579174628620770e+01 7.610915803217452869e-01
1.922448979591836693e+00 1.349880549103815497e+01 7.365451866897094746e-01
1.940816326530612201e+00 1.254392544029694179e+01 8.024418598013409731e-01
1.959183673469387710e+00 1.310159121562556450e+01 8.973416940437249911e-01
1.977551020408163218e+00 1.335734406201416924e+01 8.831631910188862955e-01
1.995918367346938727e+00 1.364270369480066059e+01 8.362640557552090126e-01
2.014285714285714235e+00 1.372950191092654393e+01 8.602571978283595211e-01
2.032653061224489743e+00 1.391504901828269070e+01 8.610091832954096525e-01
2.051020408163265252e+00 1.411991439857389707e+01 8.717195434992303094e-01
2.069387755102040760e+00 1.468044213039133616e+01 5.784612883529569594e-01
2.087755102040816269e+00 1.436995434599240618e+01 6.785758877771286279e-01
2.106122448979591777e+00 1.484549456994141536e+01 5.720001597745626443e-01
2.124489795918367285e+00 1.407338416975879802e+01 8.006023941191570126e-01
2.142857142857142794e+00 1.484169355964805348e+01 8.556903588139407324e-01
2.161224489795918302e+00 1.364967764907035175e+01 5.832153531250348077e-01
2.179591836734693810e+00 1.488384606959480827e+01 5.671568783904226141e-01
2.197959183673469319e+00 1.290305981282085490e+01 7.983667269151413226e-01
2.216326530612244827e+00 1.286858525381251717e+01 8.443065464783823248e-01
2.234693877551020336e+00 1.285056656732408875e+01 8.208049051507787519e-01
2.253061224489795844e+00 1.307336771619091031e+01 7.736305808199017697e-01
2.271428571428571352e+00 1.278268878842997403e+01 7.928705374735793843e-01
2.289795918367346861e+00 1.292322855577241825e+01 7.761390182862315523e-01
2.308163265306122369e+00 1.290101940052162455e+01 8.103617385943567841e-01
2.326530612244897878e+00 1.318832184154665477e+01 6.100584392529081468e-01
2.344897959183673386e+00 1.304802090431846118e+01 7.913479960741893748e-01
2.363265306122448894e+00 1.313052345067656645e+01 8.719161074763589481e-01
2.381632653061224403e+00 1.351098908644346785e+01 7.687725572188185419e-01
2.399999999999999911e+00 1.373690098544874516e+01 8.215314055524575165e-01
