1.500000000000000000e+00 1.643866988953368802e+00 9.018839798452170653e-01
1.518367346938775508e+00 2.268333781953904449e+00 8.512687455586150920e-01
1.536734693877551017e+00 1.321215284650362198e+00 7.961665890704596737e-01
1.555102040816326525e+00 1.409323675709071688e+00 5.789758313241544219e-01
1.573469387755102034e+00 8.774504948948311789e-01 5.767069379501009729e-01
1.591836734693877542e+00 2.197927296996179114e-01 7.751079970820652365e-01
1.610204081632653050e+00 7.006042898083572057e-01 9.059488193354749974e-01
1.628571428571428559e+00 8.086381561997089129e-01 8.592995168050087118e-01
1.646938775510204067e+00 1.193787348457448161e+00 8.305344124683901041e-01
1.665306122448979576e+00 9.287283187432066045e-01 9.514191572942762853e-01
1.683673469387755084e+00 1.191874169832071617e+00 8.540664328568444708e-01
1.702040816326530592e+00 8.476165783642449769e-01 9.610446430810362095e-01
1.720408163265306101e+00 1.132781318081910404e+00 9.180335367604453012e-01
1.738775510204081609e+00 1.106894736731128814e+00 9.545548579276468271e-01
1.757142857142857117e+00 1.210588780529790354e+00 8.963752014180668137e-01
1.775510204081632626e+00 1.225031124405378646e+00 8.962297515628007138e-01
1.793877551020408134e+00 1.374649003181054763e+00 8.746029131682959701e-01
1.812244897959183643e+00 1.414021428477955089e+00 8.867556886228356028e-01
1.830612244897959151e+00 1.466566195348550927e+00 8.132411989218342185e-01
1.848979591836734659e+00 1.290636298656570480e+00 6.710117369583334934e-01
1.867346938775510168e+00 1.431469238883393613e+00 9.094511883705613808e-01
1.885714285714285676e+00 1.758824720350183002e+00 8.450347160954867487e-01
1.904081632653061185e+00 1.970247205854644523e+00 4.727356764801055600e-01
1.922448979591836693e+00 1.267736008752021970e+00 7.408516263619091546e-01
1.940816326530612201e+00 1.567429886370109715e+00 7.734772946491640377e-01
1.959183673469387710e+00 9.567167505250320225e-01 4.505653771672416541e-01
1.977551020408163218e+00 1.602703497927549625e+00 8.570344389587318812e-01
1.995918367346938727e+00 2.676651273974733680e+00 6.219240366102840589e-01
2.014285714285714235e+00 1.218865156743417222e+00 8.947376435113936211e-01
2.032653061224489743e+00 1.084946808088410153e+00 7.794601515957660931e-01
2.051020408163265252e+00 1.852745079722210697e+00 7.992587395541387307e-01
2.069387755102040760e+00 1.141861161975211703e+00 7.225224261683311777e-01
2.087755102040816269e+00 8.084121456981689935e-01 4.579850140968284578e-01
2.106122448979591777e+00 9.992097748460313511e-01 6.809951275515143676e-01
2.124489795918367285e+00 2.770981531983448543e-01 4.293017711559901084e-01
2.142857142857142794e+00 1.054360909814440195e+00 8.501774876781179602e-01
2.161224489795918302e+00 1.270826435631322804e+00 8.703488233511589289e-01
2.179591836734693810e+00 1.504278539500028211e+00 8.917227413134803937e-01
2.197959183673469319e+00 1.743685045469526296e+00 8.129157363270387293e-01
2.216326530612244827e+00 1.863038231850461024e+00 5.711044467562614857e-01
2.234693877551020336e+00 1.925780626418077457e+00 7.546235933855478528e-01
2.253061224489795844e+00 2.336989514442114224e+00 6.645914507495696011e-01
2.271428571428571352e+00 3.424977090666424751e+00 4.473629603631824048e-01
2.289795918367346861e+00 6.428413521038432998e-01 5.300443727325763188e-01
2.308163265306122369e+00 1.694895741953295065e+00 5.826934977051048126e-01
2.326530612244897878e+00 1.825164782539069996e+00 8.111815035010603303e-01
2.344897959183673386e+00 2.374277170566106765e+00 7.776029892062585880e-01
2.363265306122448894e+00 3.306635931567705633e+00 6.002983627121358801e-01
2.381632653061224403e+00 5.730816391462408177e+00 4.775295086187468230e-01
2.399999999999999911e+00 8.015025341011183357e+00 6.921418101428215008e-01
