1.500000000000000000e+00 1.126561380370520449e-01 9.628160078680160217e-01
1.518367346938775508e+00 3.428257851396606520e-02 8.820138007356650434e-01
1.536734693877551017e+00 9.526822490695270595e-02 8.160816573940326002e-01
1.555102040816326525e+00 8.567753402227135107e-01 8.160423832212136963e-01
1.573469387755102034e+00 2.339288766976205594e-02 7.222357139320003672e-01
1.591836734693877542e+00 1.896881565065055841e-01 7.316695379409090538e-01
1.610204081632653050e+00 -1.886818447653785924e+00 7.157984288482465152e-01
1.628571428571428559e+00 -1.057183294635378967e+00 8.051867593974696424e-01
1.646938775510204067e+00 -7.780731520977456350e-01 8.233305739956244818e-01
1.665306122448979576e+00 -6.343483669920629842e-01 8.295643143647770668e-01
1.683673469387755084e+00 -1.814468580438941270e-01 8.827505203999655992e-01
1.702040816326530592e+00 -6.412474682319192487e-01 9.175552425433668446e-01
1.720408163265306101e+00 -4.425187636322591711e-01 8.314922565565375789e-01
1.738775510204081609e+00 -6.576461188778738309e-01 8.547726698836686232e-01
1.757142857142857117e+00 -4.353983803054842228e-01 8.744725843719520775e-01
1.775510204081632626e+00 -3.247336513997049479e-01 8.748797012193703093e-01
1.793877551020408134e+00 -2.559591440265370776e-01 8.834593765041963698e-01
1.812244897959183643e+00 4.120272690523153064e-02 8.913489473655544781e-01
1.830612244897959151e+00 -1.939171385746345511e-01 8.595034385739341865e-01
1.848979591836734659e+00 1.500819656908744248e-01 7.709679747859777832e-01
1.867346938775510168e+00 9.201115217536011415e-02 8.165102211493335815e-01
1.885714285714285676e+00 -1.176201951590072348e-01 7.632492188017671042e-01
1.904081632653061185e+00 2.181806116920181546e-02 8.435839003603429198e-01
1.922448979591836693e+00 2.621849570456186163e-01 8.357516966735832886e-01
1.940816326530612201e+00 1.929250289710343180e+00 6.604680594970839813e-01
1.959183673469387710e+00 -2.440482273063630247e-01 7.658627170853264943e-01
1.977551020408163218e+00 5.325915236158986765e-01 4.463091346617983346e-01
1.995918367346938727e+00 -7.688038186405933561e-02 6.887402052661675267e-01
2.014285714285714235e+00 -5.949684543299711414e-01 8.218273199381586069e-01
2.032653061224489743e+00 -6.396237432513715016e-01 8.734214648995382024e-01
2.051020408163265252e+00 -3.282305291194735353e-01 8.403741301770714101e-01
2.069387755102040760e+00 -1.184635050133743706e+00 8.679577293129571158e-01
2.087755102040816269e+00 -7.770259826711943818e-01 7.701215817038000733e-01
2.106122448979591777e+00 -7.169218203218825636e-01 7.501985516403034682e-01
2.124489795918367285e+00 -6.923820828909708069e-01 7.537000043005768202e-01
2.142857142857142794e+00 -6.272275303802887780e-01 8.978729953589450474e-01
2.161224489795918302e+00 -3.959333217591738951e-01 8.394646820937335940e-01
2.179591836734693810e+00 -1.901813804691189769e-01 8.787510569910443881e-01
2.197959183673469319e+00 6.506687057148576037e-02 7.813403847581297246e-01
2.216326530612244827e+00 1.098274182349084083e-01 6.309875915920172273e-01
2.234693877551020336e+00 3.463500865027173692e-01 8.457327982820125323e-01
2.253061224489795844e+00 4.343085472430872063e-01 8.662188567550358487e-01
2.271428571428571352e+00 7.536568170599482475e-01 7.148170913315414765e-01
2.289795918367346861e+00 1.941302647883798249e+00 6.318715070438517545e-01
2.308163265306122369e+00 -4.101220446484916682e-01 6.760311706716594093e-01
2.326530612244897878e+00 -6.124751073229991460e-01 6.872429906982838732e-01
2.344897959183673386e+00 4.917274626693233369e-02 7.975771124965107539e-01
2.363265306122448894e+00 -4.525778355496608563e-01 7.752162589834482587e-01
2.381632653061224403e+00 9.541113437313311074e-01 6.578693101347868888e-01
2.399999999999999911e+00 1.018534339726156368e+00 8.282235514596306691e-01
