1.500000000000000000e+00 1.960434031264082888e+00 7.379371916681181087e-01
1.518367346938775508e+00 2.575329244375538451e+00 5.916706959181388115e-01
1.536734693877551017e+00 4.471507962578461504e-01 5.436360416099198511e-01
1.555102040816326525e+00 1.461379366671992530e+00 7.770237313180211602e-01
1.573469387755102034e+00 1.552172761291354286e+00 7.154711556677381123e-01
1.591836734693877542e+00 1.938334261863353891e+00 7.807572410480163594e-01
1.610204081632653050e+00 1.917542603776185350e+00 8.172974409565056941e-01
1.628571428571428559e+00 2.065174758012606304e+00 8.052149310050098485e-01
1.646938775510204067e+00 1.491543933957693246e+00 8.250020800176584013e-01
1.665306122448979576e+00 2.114088596678895371e+00 8.467068385691121080e-01
1.683673469387755084e+00 1.989874555727007222e+00 9.065505254309031979e-01
1.702040816326530592e+00 2.118418771230379694e+00 8.438076260868000444e-01
1.720408163265306101e+00 2.187751476076249535e+00 8.383582551733480548e-01
1.738775510204081609e+00 2.284244820927082031e+00 8.217654665484528387e-01
1.757142857142857117e+00 2.439852701789834377e+00 7.769448027110911204e-01
1.775510204081632626e+00 2.088969623307142420e+00 8.929868577068431623e-01
1.793877551020408134e+00 2.414846742567459348e+00 8.794464450804223565e-01
1.812244897959183643e+00 2.722584237651382466e+00 7.377330524295578895e-01
1.830612244897959151e+00 2.453279135747693740e+00 7.714798677445218189e-01
1.848979591836734659e+00 1.983639331300462993e+00 6.091434898703788070e-01
1.867346938775510168e+00 2.303735890788049634e+00 7.166520448010811339e-01
1.885714285714285676e+00 2.419074804616728080e+00 6.837045650961507404e-01
1.904081632653061185e+00 2.628254562634111835e+00 8.353003714412825520e-01
1.922448979591836693e+00 4.059489938594047942e+00 6.401144078611775701e-01
1.940816326530612201e+00 1.893545089963035721e+00 7.142680325986038303e-01
1.959183673469387710e+00 2.211702563462379700e+00 8.144578187777467004e-01
1.977551020408163218e+00 2.337100960634428848e+00 8.497946112258641937e-01
1.995918367346938727e+00 2.170766294190167756e+00 7.901636346365586983e-01
2.014285714285714235e+00 2.283869825524563080e+00 8.016152638887152904e-01
2.032653061224489743e+00 2.271437106217775614e+00 9.046389163796860755e-01
2.051020408163265252e+00 2.235520396461089021e+00 9.197143765489940170e-01
2.069387755102040760e+00 1.955151617757828308e+00 9.575315437613470815e-01
2.087755102040816269e+00 2.154658959532791407e+00 9.717555895083601625e-01
2.106122448979591777e+00 2.256653789742590899e+00 9.606592193682756964e-01
2.124489795918367285e+00 2.535013244932912801e+00 9.311062514322001604e-01
2.142857142857142794e+00 2.534250494868675485e+00 9.005904096812650250e-01
2.161224489795918302e+00 2.682092086688757426e+00 9.528960757206321741e-01
2.179591836734693810e+00 3.013561595847735752e+00 9.114873041631368356e-01
2.197959183673469319e+00 3.075268526251790036e+00 8.232418097412217417e-01
2.216326530612244827e+00 3.744101742445055780e+00 7.845415397648956013e-01
2.234693877551020336e+00 1.134215028059214703e+00 6.589686134274665985e-01
2.253061224489795844e+00 2.261354428022389840e+00 8.086268390599099520e-01
2.271428571428571352e+00 2.537252220805479741e+00 5.942743401491324962e-01
2.289795918367346861e+00 2.870646610672015875e+00 8.374653252560537720e-01
2.308163265306122369e+00 3.215256092782105224e+00 9.300174812769951282e-01
2.326530612244897878e+00 4.054272345132599931e+00 6.160537071020610878e-01
2.344897959183673386e+00 3.482638329556136725e+00 7.684060949886245551e-01
2.363265306122448894e+00 3.411952720301319353e+00 8.288221529187738135e-01
2.381632653061224403e+00 2.975478813397839151e+00 6.394273663811772535e-01
2.399999999999999911e+00 3.216723463339508093e+00 8.508995874565614681e-01
