1.500000000000000000e+00 2.958245984751770585e+00 7.614663285146889837e-01
1.518367346938775508e+00 2.625264914204194611e+00 6.865272022833645016e-01
1.536734693877551017e+00 2.856910198115505839e+00 8.622220029179928913e-01
1.555102040816326525e+00 2.938421362864582331e+00 9.703615673224068594e-01
1.573469387755102034e+00 3.240096299084823883e+00 9.622596053666307991e-01
1.591836734693877542e+00 3.375321552351768783e+00 8.502487715531796830e-01
1.610204081632653050e+00 3.263178703146268678e+00 8.914424287593301077e-01
1.628571428571428559e+00 3.329878401034091606e+00 8.504492902018706557e-01
1.646938775510204067e+00 3.126429739393548957e+00 8.432986200973070501e-01
1.665306122448979576e+00 3.458372109886183488e+00 9.796213233402255582e-01
1.683673469387755084e+00 3.656057793104078524e+00 9.570993236197599119e-01
1.702040816326530592e+00 3.570582919571055669e+00 9.161888801337312316e-01
1.720408163265306101e+00 3.427775577375045568e+00 8.061995963572260449e-01
1.738775510204081609e+00 3.552348073926633543e+00 8.666452755626063986e-01
1.757142857142857117e+00 3.719148470675204710e+00 7.929296999798052248e-01
1.775510204081632626e+00 3.740674860958094872e+00 8.406779422968143622e-01
1.793877551020408134e+00 3.602754805451958475e+00 6.606821884128802891e-01
1.812244897959183643e+00 3.711352664155763925e+00 9.543745066403434008e-01
1.830612244897959151e+00 4.012969451124231313e+00 9.163154563153325105e-01
1.848979591836734659e+00 4.541912008963347347e+00 9.110060774967304598e-01
1.867346938775510168e+00 2.864422372929590122e+00 6.225501367966036481e-01
1.885714285714285676e+00 3.586276006406749595e+00 8.424245997693592392e-01
1.904081632653061185e+00 3.805385049099717865e+00 8.003656095282247751e-01
1.922448979591836693e+00 3.780244176455622718e+00 7.934837492631329203e-01
1.940816326530612201e+00 3.837560253494925799e+00 8.581986034477910863e-01
1.959183673469387710e+00 3.381197607349323508e+00 8.085941585145867139e-01
1.977551020408163218e+00 3.395771472296838844e+00 8.030876753775154642e-01
1.995918367346938727e+00 3.512163293651199503e+00 7.476592119674293491e-01
2.014285714285714235e+00 3.372238768788430985e+00 7.876415033979488056e-01
2.032653061224489743e+00 3.274603359884258325e+00 8.286488204107883560e-01
2.051020408163265252e+00 3.388968412320179535e+00 7.748001383153920729e-01
2.069387755102040760e+00 3.403445020696477030e+00 8.036638583881419162e-01
2.087755102040816269e+00 3.540663320783427714e+00 8.691069714356178810e-01
2.106122448979591777e+00 3.640993611731447643e+00 8.456070868161924547e-01
2.124489795918367285e+00 3.944116331673233500e+00 8.728628805945952696e-01
2.142857142857142794e+00 4.102348754167925549e+00 7.895567257435075481e-01
2.161224489795918302e+00 4.383483090329582055e+00 8.006442349403705139e-01
2.179591836734693810e+00 4.811820115276592702e+00 6.995605984164328106e-01
2.197959183673469319e+00 4.191372781138753112e+00 6.129283525253773623e-01
2.216326530612244827e+00 4.342364199492863897e+00 5.585668818955183967e-01
2.234693877551020336e+00 3.793957098991239896e+00 7.644405430475239571e-01
2.253061224489795844e+00 4.305022951055466507e+00 7.955941512852091613e-01
2.271428571428571352e+00 4.636735581586983734e+00 7.712030536421679017e-01
2.289795918367346861e+00 5.204442926679607062e+00 7.110349284260930602e-01
2.308163265306122369e+00 4.811404055920702305e+00 8.191058819073486763e-01
2.326530612244897878e+00 6.215960819740171672e+00 6.798771177908066177e-01
2.344897959183673386e+00 3.835239866616344973e+00 7.485246082115083466e-01
2.363265306122448894e+00 4.427997175958760856e+00 7.675708717653323410e-01
2.381632653061224403e+00 4.706647911525141836e+00 8.129922219183891574e-01
2.399999999999999911e+00 5.744789078685002437e+00 8.628914844929129746e-01
