1.500000000000000000e+00 -1.307693570634576030e+00 8.781918682067131332e-01
1.518367346938775508e+00 -1.067247441079714143e+00 8.554887007735593185e-01
1.536734693877551017e+00 -8.714803956541283814e-01 7.879948840435817559e-01
1.555102040816326525e+00 -7.215332052771286087e-01 6.821905479015580864e-01
1.573469387755102034e+00 -8.323251826946990173e-01 5.988014355063094873e-01
1.591836734693877542e+00 -8.981034532586581465e-01 7.195865805488432798e-01
1.610204081632653050e+00 -9.338407545735137871e-01 8.071971975901883756e-01
1.628571428571428559e+00 -7.766212867395629882e-01 8.325301765070097781e-01
1.646938775510204067e+00 -5.576542214337537606e-01 8.297762472207248496e-01
1.665306122448979576e+00 -2.660220747510440575e-01 7.945939393429402031e-01
1.683673469387755084e+00 2.208997350834967024e-02 7.640075180674161803e-01
1.702040816326530592e+00 5.806421273766325664e-01 7.793782390336961852e-01
1.720408163265306101e+00 1.492236426267099292e+00 8.575315308830289140e-01
1.738775510204081609e+00 1.674437180210727849e+00 8.289738450776827916e-01
1.757142857142857117e+00 1.605862334667489399e+00 8.321740384856286532e-01
1.775510204081632626e+00 1.987817498902524349e+00 8.825262953807360145e-01
1.793877551020408134e+00 2.627947144379598754e+00 8.567442198322446911e-01
1.812244897959183643e+00 3.172457903429509063e+00 7.780600921915016288e-01
1.830612244897959151e+00 3.559998174361752366e+00 7.390499228371489870e-01
1.848979591836734659e+00 3.958812346384346981e+00 8.671573380073390735e-01
1.867346938775510168e+00 4.558367348775327343e+00 7.182177264231688341e-01
1.885714285714285676e+00 4.630717838838017464e+00 7.313495481686622668e-01
1.904081632653061185e+00 4.985307117502912000e+00 7.303681833202433360e-01
1.922448979591836693e+00 5.222669675918911736e+00 7.309159561299912733e-01
1.940816326530612201e+00 5.595814036592821061e+00 6.944754439817529823e-01
1.959183673469387710e+00 6.548063235603118315e+00 5.883927414850866899e-01
1.977551020408163218e+00 7.689075837345952458e+00 7.400448564514194860e-01
1.995918367346938727e+00 8.401175574420532755e+00 7.351824755477822659e-01
2.014285714285714235e+00 9.072008929262775467e+00 8.320442622696537782e-01
2.032653061224489743e+00 9.331074532799403798e+00 8.723079846732395559e-01
2.051020408163265252e+00 9.624973143535768827e+00 8.401685989727715187e-01
2.069387755102040760e+00 9.685245893160947972e+00 7.859607106619712624e-01
2.087755102040816269e+00 1.001275426379186939e+01 9.494406786915270402e-01
2.106122448979591777e+00 1.030436252866770630e+01 8.892678124508297532e-01
2.124489795918367285e+00 1.046513772507420192e+01 7.960182999480750476e-01
2.142857142857142794e+00 1.051306182862938776e+01 8.487141064392563772e-01
2.161224489795918302e+00 1.080703528523331158e+01 8.509717384850633559e-01
2.179591836734693810e+00 1.084398157287644082e+01 7.406043260220172009e-01
2.197959183673469319e+00 1.076058535828268603e+01 6.087083794322819541e-01
2.216326530612244827e+00 1.053967997976118909e+01 6.841459328071810564e-01
2.234693877551020336e+00 1.081660842134765943e+01 7.879736297430631753e-01
2.253061224489795844e+00 1.089282897904599778e+01 7.666636730902924857e-01
2.271428571428571352e+00 1.119473105980697980e+01 8.684236264966863628e-01
2.289795918367346861e+00 1.166282977704587154e+01 7.467429699866389159e-01
2.308163265306122369e+00 1.131615632388906967e+01 5.723986630365095474e-01
2.326530612244897878e+00 1.050593262423318563e+01 6.221389251792820430e-01
2.344897959183673386e+00 1.092961506918601877e+01 6.548474856474998385e-01
2.363265306122448894e+00 1.151869450726251287e+01 6.456501568522295953e-01
2.381632653061224403e+00 1.209993221033177591e+01 6.818738885129492777e-01
2.399999999999999911e+00 1.236946002780280907e+01 7.137685891772336255e-01
