1.500000000000000000e+00 3.664162425469607576e-01 9.677612863819559097e-01
1.518367346938775508e+00 4.366215656576951099e-01 8.932673939556010634e-01
1.536734693877551017e+00 4.888106261314995038e-01 8.541562410125503879e-01
1.555102040816326525e+00 1.169066383546492949e+00 8.562912653432425136e-01
1.573469387755102034e+00 1.007597038373755804e+00 6.310620801356606746e-01
1.591836734693877542e+00 -2.050272125717766958e-01 7.322274689733958564e-01
1.610204081632653050e+00 -8.151225966802971845e-01 6.546874883815011481e-01
1.628571428571428559e+00 -8.146007036687651359e-01 5.245579685657979496e-01
1.646938775510204067e+00 -4.249882286661655351e-01 8.134479114937395172e-01
1.665306122448979576e+00 -2.166187793948165796e-01 8.326225570207479443e-01
1.683673469387755084e+00 2.231075094995448316e-01 9.054400790250292097e-01
1.702040816326530592e+00 -7.540570934362750277e-02 9.200650949052470162e-01
1.720408163265306101e+00 -4.398143487403438634e-02 8.220245435453958915e-01
1.738775510204081609e+00 -4.384119431096368535e-02 7.973090067530201885e-01
1.757142857142857117e+00 1.622894538866099471e-03 8.736515562319975281e-01
1.775510204081632626e+00 1.155004283176670754e-01 8.831596149566579568e-01
1.793877551020408134e+00 2.052826365580117107e-01 8.916366477817639913e-01
1.812244897959183643e+00 5.737343200753988182e-01 9.289870528678165762e-01
1.830612244897959151e+00 3.473198970364130833e-01 8.276944352602888522e-01
1.848979591836734659e+00 5.502514382738781240e-01 8.251956393254639144e-01
1.867346938775510168e+00 4.799615080028225012e-01 8.358011418333198828e-01
1.885714285714285676e+00 4.649849498419172389e-01 7.809426604560479879e-01
1.904081632653061185e+00 5.129800427419349829e-01 8.051582082307291444e-01
1.922448979591836693e+00 7.281747627668595513e-01 7.935110937235196893e-01
1.940816326530612201e+00 -2.335431807903190493e-01 5.488134748859484491e-01
1.959183673469387710e+00 4.782599056660986614e-01 7.619609909182536445e-01
1.977551020408163218e+00 1.338018300046083908e+00 3.619066914502065968e-01
1.995918367346938727e+00 1.691359785595263066e-01 6.284690586375140109e-01
2.014285714285714235e+00 3.429270097032722786e-01 8.666061449010237228e-01
2.032653061224489743e+00 2.935680269035212953e-01 8.673403236061429933e-01
2.051020408163265252e+00 5.559996569887697415e-01 7.635980772889343626e-01
2.069387755102040760e+00 -3.005781772244926070e-02 8.601673762309285376e-01
2.087755102040816269e+00 -2.030956740434815000e-01 8.549429716840243332e-01
2.106122448979591777e+00 -2.413075777541989764e-01 8.345817287013059804e-01
2.124489795918367285e+00 -2.383190200414302407e-01 7.358914032353194301e-01
2.142857142857142794e+00 -7.645942157549205642e-02 8.516807012332500149e-01
2.161224489795918302e+00 8.994279440428489675e-03 8.666067343234657994e-01
2.179591836734693810e+00 2.145861992850030819e-01 8.679695822041797459e-01
2.197959183673469319e+00 4.376840148127426056e-01 8.021207995815768932e-01
2.216326530612244827e+00 7.320003630936431360e-01 5.663986238574275633e-01
2.234693877551020336e+00 5.761613812599281070e-01 9.360232508452941413e-01
2.253061224489795844e+00 9.657844568806267516e-01 9.424047539553501718e-01
2.271428571428571352e+00 1.520791130146257331e+00 8.927625493549175006e-01
2.289795918367346861e+00 4.463511285939540940e+00 6.941150337757168165e-01
2.308163265306122369e+00 6.895729838970080294e+00 6.000919212226826227e-01
2.326530612244897878e+00 5.732610600668911260e+00 7.335830349299761188e-01
2.344897959183673386e+00 5.945951944598252048e+00 7.102038270595021352e-01
2.363265306122448894e+00 6.424344251797309724e+00 8.686794308304308654e-01
2.381632653061224403e+00 8.023969619091346317e+00 7.010943895017526239e-01
2.399999999999999911e+00 8.373458869116298331e+00 8.091767838011862946e-01
