1.500000000000000000e+00 -2.303238194204136224e+00 7.610222701306691429e-01
1.518367346938775508e+00 -2.281886533885926660e+00 7.818021701182995553e-01
1.536734693877551017e+00 -2.247594249484917928e+00 7.841908043450950272e-01
1.555102040816326525e+00 -2.181990213618949515e+00 7.655212707250937942e-01
1.573469387755102034e+00 -2.079434488589826824e+00 6.957270306596390341e-01
1.591836734693877542e+00 -2.112458499576710391e+00 4.735959241844659995e-01
1.610204081632653050e+00 -2.610227320883956370e+00 7.249824905458417401e-01
1.628571428571428559e+00 -2.231800023962450474e+00 9.406172639175394146e-01
1.646938775510204067e+00 -2.047059743598213188e+00 9.364785635550328946e-01
1.665306122448979576e+00 -1.898496574188151875e+00 9.242426610707065171e-01
1.683673469387755084e+00 -1.750384423176761128e+00 9.161788016737569817e-01
1.702040816326530592e+00 -1.584280532656504370e+00 9.111358970142847680e-01
1.720408163265306101e+00 -1.377436202464865422e+00 8.974010782321223401e-01
1.738775510204081609e+00 -1.116430704689219011e+00 8.107348241592500226e-01
1.757142857142857117e+00 -1.161274476579142734e+00 5.897410857943546914e-01
1.775510204081632626e+00 -1.261745854238691233e+00 5.892586528787299160e-01
1.793877551020408134e+00 -9.724166240289093821e-01 6.023088413526539453e-01
1.812244897959183643e+00 -7.146868289774823690e-01 3.948434411963647195e-01
1.830612244897959151e+00 -1.043283086155690320e+00 8.657517150936946404e-01
1.848979591836734659e+00 -4.624110725844721159e-01 9.421440262056373083e-01
1.867346938775510168e+00 -6.415046560288624293e-03 9.098350179400070958e-01
1.885714285714285676e+00 4.547394413369282296e-01 8.686180050916936235e-01
1.904081632653061185e+00 9.315914686138885292e-01 8.308766419579348694e-01
1.922448979591836693e+00 1.404436033551459406e+00 8.067302301243907126e-01
1.940816326530612201e+00 1.849684215283727395e+00 8.004611830001626682e-01
1.959183673469387710e+00 2.247140521037008121e+00 8.126273446417253687e-01
1.977551020408163218e+00 2.566690622362439278e+00 8.545343030069935120e-01
1.995918367346938727e+00 3.109795773009964570e+00 9.493122452764475305e-01
2.014285714285714235e+00 4.108727416371786845e+00 7.292999801204863575e-01
2.032653061224489743e+00 4.437461799836353471e+00 7.675137565071471490e-01
2.051020408163265252e+00 4.857062544072009658e+00 7.963282430198573847e-01
2.069387755102040760e+00 5.303630267474251703e+00 8.215069595910522438e-01
2.087755102040816269e+00 5.751456263028321914e+00 8.241875774724959358e-01
2.106122448979591777e+00 6.399051552831416245e+00 5.539470048494231635e-01
2.124489795918367285e+00 6.711606401175549408e+00 4.373912028015956577e-01
2.142857142857142794e+00 7.354204936578526031e+00 7.456847386689726687e-01
2.161224489795918302e+00 7.641827178438536983e+00 5.580138587870687727e-01
2.179591836734693810e+00 7.494053456413584335e+00 7.147592739396408934e-01
2.197959183673469319e+00 7.903747949581149790e+00 7.800682530116694879e-01
2.216326530612244827e+00 8.187058166695702965e+00 8.047501904666970463e-01
2.234693877551020336e+00 8.416412334529132622e+00 8.252761090789382248e-01
2.253061224489795844e+00 8.609537140776817310e+00 8.169093909670301912e-01
2.271428571428571352e+00 8.684756638295786146e+00 7.673956985167448286e-01
2.289795918367346861e+00 8.856763374866517324e+00 8.268033681553739189e-01
2.308163265306122369e+00 9.056321937652686671e+00 8.827700481573200753e-01
2.326530612244897878e+00 9.432396296230034949e+00 8.857812621141307741e-01
2.344897959183673386e+00 9.780854291819769841e+00 6.430506654445206083e-01
2.363265306122448894e+00 9.742075682721253571e+00 5.733880946153410152e-01
2.381632653061224403e+00 1.063428766240368084e+01 4.903798910319756565e-01
2.399999999999999911e+00 8.403196746963976338e+00 7.127647841904517501e-01
