1.500000000000000000e+00 -3.140616741392159739e+00 8.558214101726500100e-01
1.518367346938775508e+00 -3.091922831320085052e+00 8.452161813061259688e-01
1.536734693877551017e+00 -3.058705434024854508e+00 8.351260819625400122e-01
1.555102040816326525e+00 -3.025400201775148457e+00 8.302298991535755901e-01
1.573469387755102034e+00 -2.960636128189261029e+00 8.148975794018504804e-01
1.591836734693877542e+00 -2.986510402269766384e+00 7.422788939891171722e-01
1.610204081632653050e+00 -3.042679798098498090e+00 6.312480319582819410e-01
1.628571428571428559e+00 -3.103912525596041139e+00 6.690083004439196790e-01
1.646938775510204067e+00 -3.217335241867588014e+00 6.822177455074509567e-01
1.665306122448979576e+00 -3.054174721112469904e+00 9.151521029083231618e-01
1.683673469387755084e+00 -2.881399453068405503e+00 9.563409912068500107e-01
1.702040816326530592e+00 -2.718557580663701678e+00 9.521597925143959751e-01
1.720408163265306101e+00 -2.581650467650118408e+00 9.353094222880388164e-01
1.738775510204081609e+00 -2.456014942237306542e+00 9.270618567886413919e-01
1.757142857142857117e+00 -2.293103271862917403e+00 9.428495049258330818e-01
1.775510204081632626e+00 -2.096726323533356862e+00 9.131125522187267807e-01
1.793877551020408134e+00 -1.887256440652318457e+00 9.227480900026748811e-01
1.812244897959183643e+00 -1.526478120477910094e+00 8.762710954958631282e-01
1.830612244897959151e+00 -1.849421336345927980e+00 5.331095175255079477e-01
1.848979591836734659e+00 -1.588693491803826907e+00 5.747718775076079423e-01
1.867346938775510168e+00 -1.398592697534084772e+00 5.407589638488141670e-01
1.885714285714285676e+00 -1.724466980770397617e+00 8.490481080017183713e-01
1.904081632653061185e+00 -1.034229308689647464e+00 9.577727473700742289e-01
1.922448979591836693e+00 -8.050037173105637489e-01 9.437601637716752645e-01
1.940816326530612201e+00 -1.803980443290480185e-01 8.197212264545484794e-01
1.959183673469387710e+00 2.730005725628238400e-01 7.497668023183597930e-01
1.977551020408163218e+00 1.144018341275269579e+00 7.907183580898488051e-01
1.995918367346938727e+00 1.833430909342724124e+00 6.961687323171940056e-01
2.014285714285714235e+00 2.430256598984335881e+00 5.386843283327730214e-01
2.032653061224489743e+00 2.977735413396968678e+00 4.550287668771130223e-01
2.051020408163265252e+00 2.470324559286349420e+00 5.821129990459549264e-01
2.069387755102040760e+00 3.907849700376698987e+00 6.280040308172460950e-01
2.087755102040816269e+00 4.523647101151180294e+00 5.503974031816540879e-01
2.106122448979591777e+00 4.398309807097572133e+00 5.115923866375997608e-01
2.124489795918367285e+00 4.678366411721230911e+00 5.500610724227039672e-01
2.142857142857142794e+00 4.985518571149856193e+00 6.077558965909155564e-01
2.161224489795918302e+00 5.410715380577737044e+00 7.058389943406214728e-01
2.179591836734693810e+00 5.976551765486239454e+00 7.864707570795885783e-01
2.197959183673469319e+00 6.509078058040444148e+00 6.975776428678531760e-01
2.216326530612244827e+00 6.791100861254584231e+00 8.811031685419290493e-01
2.234693877551020336e+00 6.988838882768794392e+00 8.218980785759527619e-01
2.253061224489795844e+00 7.480428445458178643e+00 8.381575729904485739e-01
2.271428571428571352e+00 7.191828312750486063e+00 5.233648788411924269e-01
2.289795918367346861e+00 7.364170589051722615e+00 3.618417819207753738e-01
2.308163265306122369e+00 7.879572230492852825e+00 4.955524920696567359e-01
2.326530612244897878e+00 7.759469442415092288e+00 6.228676672817693438e-01
2.344897959183673386e+00 7.980228370350089584e+00 6.732133915820315284e-01
2.363265306122448894e+00 8.112159324765734425e+00 7.196863677375298085e-01
2.381632653061224403e+00 8.279504596707894848e+00 7.662238771345878385e-01
2.399999999999999911e+00 8.577023049734801674e+00 8.440181094460859068e-01
