1.500000000000000000e+00 1.873195117248423580e+00 7.694819001030419603e-01
1.518367346938775508e+00 1.292682143744472656e+00 9.671079235861931300e-01
1.536734693877551017e+00 1.973416524291380370e+00 9.277703177353042729e-01
1.555102040816326525e+00 2.298880160332198219e+00 8.829756509786305108e-01
1.573469387755102034e+00 2.603027147329188828e+00 9.331193035720780626e-01
1.591836734693877542e+00 2.976690063974632317e+00 9.632117702233728984e-01
1.610204081632653050e+00 3.347013693952292535e+00 7.632425929180534085e-01
1.628571428571428559e+00 4.692958032480633257e+00 5.777804260124500546e-01
1.646938775510204067e+00 2.074194674524681314e+00 7.669011906382132704e-01
1.665306122448979576e+00 2.837426147646625818e+00 7.909692400772467824e-01
1.683673469387755084e+00 2.880301488119733744e+00 7.451330838421084124e-01
1.702040816326530592e+00 9.408319329121488384e-01 6.286535123308311102e-01
1.720408163265306101e+00 2.290686996994933278e+00 6.689275147549206268e-01
1.738775510204081609e+00 1.869191296912770639e+00 5.436082815428285864e-01
1.757142857142857117e+00 2.328314293236904309e+00 7.804344481463573180e-01
1.775510204081632626e+00 2.717091558894355163e+00 9.500065003603502811e-01
1.793877551020408134e+00 3.060085470241528771e+00 9.118209373998130696e-01
1.812244897959183643e+00 2.847424243496963658e+00 8.156605889800263576e-01
1.830612244897959151e+00 2.220812005802521139e+00 6.794312188425003507e-01
1.848979591836734659e+00 2.501901493860306136e+00 8.295569552100908739e-01
1.867346938775510168e+00 2.747069509474044491e+00 7.757938237750107158e-01
1.885714285714285676e+00 2.615440512499806580e+00 8.365969518419102968e-01
1.904081632653061185e+00 2.876583023182268217e+00 8.832978285403944030e-01
1.922448979591836693e+00 2.659324121224612814e+00 8.942483555228784020e-01
1.940816326530612201e+00 2.955232470108627219e+00 9.036691136867135432e-01
1.959183673469387710e+00 3.190285524822524810e+00 9.007083852530618495e-01
1.977551020408163218e+00 3.085089192354671717e+00 8.462767302177394146e-01
1.995918367346938727e+00 3.404521059393966098e+00 9.035601097104462021e-01
2.014285714285714235e+00 3.727392643386617799e+00 8.938973287764025999e-01
2.032653061224489743e+00 4.650130444441162858e+00 6.479204636085316160e-01
2.051020408163265252e+00 3.135059996682439731e+00 4.570872916626319560e-01
2.069387755102040760e+00 3.868694986176174133e+00 4.937194672236128179e-01
2.087755102040816269e+00 3.627144733507035035e+00 7.339456187692958711e-01
2.106122448979591777e+00 3.331198684624939510e+00 7.363304353300538230e-01
2.124489795918367285e+00 3.206463058906995123e+00 7.007039476398400080e-01
2.142857142857142794e+00 3.774144044850612723e+00 8.904127902859717558e-01
2.161224489795918302e+00 7.957795230220625626e-01 7.118589005364986955e-01
2.179591836734693810e+00 2.331688849201059011e+00 6.544562062962623328e-01
2.197959183673469319e+00 1.272388830165034124e+00 6.255221712459828609e-01
2.216326530612244827e+00 1.625937832693353347e+00 8.428212560006349552e-01
2.234693877551020336e+00 2.237425679073570706e+00 5.528963924933880669e-01
2.253061224489795844e+00 2.452115456138277416e+00 6.080923018050001794e-01
2.271428571428571352e+00 2.662984260606169773e+00 5.836560790305438395e-01
2.289795918367346861e+00 2.385777477262625013e+00 5.773008344049307405e-01
2.308163265306122369e+00 2.561187927866603875e+00 7.758772668696067853e-01
2.326530612244897878e+00 3.000857055863708656e+00 8.625103727734779735e-01
2.344897959183673386e+00 3.260123756167747633e+00 8.234924380752433049e-01
2.363265306122448894e+00 3.493583503050471162e+00 7.863244240605823387e-01
2.381632653061224403e+00 3.817707147726729033e+00 8.990187480057916236e-01
2.399999999999999911e+00 4.309940946638470827e+00 7.177925808239811190e-01
