1.500000000000000000e+00 -1.767578454000757970e+00 4.763295656326843042e-01
1.518367346938775508e+00 -1.557216884180323335e+00 7.668419083782663792e-01
1.536734693877551017e+00 -1.341669347463255280e+00 8.894638350312046304e-01
1.555102040816326525e+00 -1.166542256026306346e+00 9.228161894304046653e-01
1.573469387755102034e+00 -1.004779388211630042e+00 9.139174677203389940e-01
1.591836734693877542e+00 -8.421195656713094113e-01 8.731298309066199970e-01
1.610204081632653050e+00 -6.823505609162365815e-01 7.920605895497905280e-01
1.628571428571428559e+00 -6.123080344925891927e-01 6.768903211197887515e-01
1.646938775510204067e+00 -6.699620643008775689e-01 6.645576507046895287e-01
1.665306122448979576e+00 -4.950410227722014667e-01 6.955628212744477956e-01
1.683673469387755084e+00 -2.798541261583021855e-01 6.082146294153296662e-01
1.702040816326530592e+00 -4.802819469915824424e-01 4.954283531993336487e-01
1.720408163265306101e+00 -3.799779886023981756e-01 7.392488676935716763e-01
1.738775510204081609e+00 9.198248410439190115e-02 8.913835428363926505e-01
1.757142857142857117e+00 5.328379466710002621e-01 9.089676307269821676e-01
1.775510204081632626e+00 9.776738741533810284e-01 8.939678097913177357e-01
1.793877551020408134e+00 1.445017661819409716e+00 8.752334626638936799e-01
1.812244897959183643e+00 1.927766562486405766e+00 8.629402304798414747e-01
1.830612244897959151e+00 2.405762613809791617e+00 8.591564716526386425e-01
1.848979591836734659e+00 2.866226161398624850e+00 8.500660905402729339e-01
1.867346938775510168e+00 3.067244306412816535e+00 8.822309105944979857e-01
1.885714285714285676e+00 3.358160977132227387e+00 9.444263164064223837e-01
1.904081632653061185e+00 3.802138662985456996e+00 9.771574509315075208e-01
1.922448979591836693e+00 4.132820046030527550e+00 9.813039116283275298e-01
1.940816326530612201e+00 4.453375029707176580e+00 9.744074858856897059e-01
1.959183673469387710e+00 4.766932524225820700e+00 9.251463625898214138e-01
1.977551020408163218e+00 5.074929876743555113e+00 8.481655871313384942e-01
1.995918367346938727e+00 5.740412996333041029e+00 8.602535239569079062e-01
2.014285714285714235e+00 6.762076980272595073e+00 5.354155635133894808e-01
2.032653061224489743e+00 7.131175122430676083e+00 5.947143281195221842e-01
2.051020408163265252e+00 8.157978047708082769e+00 7.641294807662419863e-01
2.069387755102040760e+00 8.670069484109266256e+00 7.613510497193578530e-01
2.087755102040816269e+00 9.045601140001856777e+00 7.874282988891355695e-01
2.106122448979591777e+00 9.324347867064151529e+00 8.068715622521051012e-01
2.124489795918367285e+00 9.533699588805603753e+00 8.350493304292587737e-01
2.142857142857142794e+00 9.754414450885207089e+00 9.040689729426868437e-01
2.161224489795918302e+00 9.868192365428347657e+00 9.262590241880236386e-01
2.179591836734693810e+00 1.016360725317482583e+01 9.268318052329711509e-01
2.197959183673469319e+00 1.033156575705465485e+01 9.074296536503907440e-01
2.216326530612244827e+00 1.053142892285342924e+01 8.854111049159517632e-01
2.234693877551020336e+00 1.062023262797245771e+01 8.278043775318114639e-01
2.253061224489795844e+00 1.066237349847851412e+01 9.044106486233339792e-01
2.271428571428571352e+00 1.094690940348712793e+01 6.421466987248344305e-01
2.289795918367346861e+00 1.046090422522740049e+01 6.999545377815721281e-01
2.308163265306122369e+00 1.070011184853937003e+01 7.965252578349435453e-01
2.326530612244897878e+00 1.090036344385156220e+01 9.077747926266885869e-01
2.344897959183673386e+00 1.118062609107438377e+01 9.053319251393551204e-01
2.363265306122448894e+00 1.160246931389877112e+01 8.837422005016041249e-01
2.381632653061224403e+00 1.162589230156342701e+01 7.126238201026346974e-01
2.399999999999999911e+00 1.199289040191868061e+01 6.557586497510659029e-01
