1.500000000000000000e+00 3.483188695696532444e-01 9.408397296904598139e-01
1.518367346938775508e+00 5.439034723715895359e-01 9.216790659551659104e-01
1.536734693877551017e+00 7.221374568766123492e-01 7.803820909040488640e-01
1.555102040816326525e+00 8.151562069573482505e-01 7.631831827873710727e-01
1.573469387755102034e+00 7.832012441514374368e-01 7.919315203868798614e-01
1.591836734693877542e+00 8.819038595370354283e-01 8.226561660647919716e-01
1.610204081632653050e+00 1.027181593456995445e+00 8.490227817194637705e-01
1.628571428571428559e+00 1.531808703244790015e+00 7.997625400610723911e-01
1.646938775510204067e+00 1.976256091706134921e+00 8.917216658999791434e-01
1.665306122448979576e+00 3.035114088234683649e+00 7.494928511771722368e-01
1.683673469387755084e+00 3.718633444301144397e+00 7.228472742640932314e-01
1.702040816326530592e+00 4.723730630835699884e+00 8.619420221325954090e-01
1.720408163265306101e+00 5.448430813539884454e+00 9.304023932877130143e-01
1.738775510204081609e+00 5.534320233834010949e+00 9.251266865157776742e-01
1.757142857142857117e+00 5.581648902417447822e+00 8.783414580924052695e-01
1.775510204081632626e+00 6.290018205320083489e+00 9.196054589963301718e-01
1.793877551020408134e+00 6.985509782876955676e+00 9.479219793548284700e-01
1.812244897959183643e+00 7.111074576052716090e+00 8.770736065588896624e-01
1.830612244897959151e+00 7.756430243728884122e+00 8.045073029634728368e-01
1.848979591836734659e+00 7.909025304631446929e+00 8.615769261315112670e-01
1.867346938775510168e+00 8.594388350410925526e+00 9.002922301718280229e-01
1.885714285714285676e+00 9.318101178596869261e+00 9.552767719679431391e-01
1.904081632653061185e+00 1.017434240797678058e+01 7.081253198003079063e-01
1.922448979591836693e+00 1.042677515715886827e+01 7.474502238568183632e-01
1.940816326530612201e+00 1.041849690553337204e+01 7.105113154181592616e-01
1.959183673469387710e+00 1.104901239033294580e+01 7.758965963228718898e-01
1.977551020408163218e+00 1.147180459096180627e+01 7.798367742373508715e-01
1.995918367346938727e+00 1.184328478025342690e+01 8.043298410869482717e-01
2.014285714285714235e+00 1.246421271230249062e+01 8.265125928916593478e-01
2.032653061224489743e+00 1.017187097356469039e+01 8.449460923249608735e-01
2.051020408163265252e+00 1.099402479488366779e+01 8.277610207004116871e-01
2.069387755102040760e+00 1.140278477654176648e+01 8.270764107508742358e-01
2.087755102040816269e+00 1.226477536450685157e+01 6.354344597537279205e-01
2.106122448979591777e+00 1.178988895599201392e+01 7.873416138183051416e-01
2.124489795918367285e+00 1.123321831013040928e+01 6.900605466717315561e-01
2.142857142857142794e+00 1.151132829526497581e+01 7.091753119960029217e-01
2.161224489795918302e+00 1.215834124986919740e+01 7.360774822506220838e-01
2.179591836734693810e+00 1.246185216556006381e+01 6.879131432499385745e-01
2.197959183673469319e+00 1.281712042746443991e+01 6.697632839882047273e-01
2.216326530612244827e+00 1.265308317684450223e+01 7.535126199038204575e-01
2.234693877551020336e+00 1.250155215002420128e+01 6.705529209419659464e-01
2.253061224489795844e+00 1.305018902642108714e+01 5.534808020692807418e-01
2.271428571428571352e+00 1.346170111293969818e+01 4.864923612550465792e-01
2.289795918367346861e+00 1.394975535197686511e+01 6.577233984066224171e-01
2.308163265306122369e+00 1.451847703142186496e+01 6.611224174276171262e-01
2.326530612244897878e+00 1.510418980241120934e+01 7.814071418126294910e-01
2.344897959183673386e+00 1.602882111893154615e+01 6.659242479941512860e-01
2.363265306122448894e+00 1.580352732125898285e+01 6.054055690407970092e-01
2.381632653061224403e+00 1.468195813239974257e+01 7.887055672443472609e-01
2.399999999999999911e+00 1.586774766094114142e+01 7.606949357950494317e-01
