1.500000000000000000e+00 6.946210310804663834e-02 8.694146802619685532e-01
1.518367346938775508e+00 2.261872278592515217e-01 8.044274856005972918e-01
1.536734693877551017e+00 -6.365365791245511939e-01 7.986785699047505016e-01
1.555102040816326525e+00 -3.013917458211011202e-01 8.471240648366186177e-01
1.573469387755102034e+00 -1.552124066993967599e-01 9.099741866153566727e-01
1.591836734693877542e+00 1.176733870097311091e-01 8.581914551161814453e-01
1.610204081632653050e+00 3.370047785352268122e-01 7.788124097472237661e-01
1.628571428571428559e+00 6.094101235504495451e-01 7.713950270705317580e-01
1.646938775510204067e+00 1.003943919522500838e+00 7.232179360206595353e-01
1.665306122448979576e+00 1.752958137112873738e+00 8.826395413246569399e-01
1.683673469387755084e+00 1.934481033849939191e+00 5.566853567814944448e-01
1.702040816326530592e+00 2.431928842400034263e+00 5.155631955317047099e-01
1.720408163265306101e+00 2.976302020845126961e+00 5.306048954504989368e-01
1.738775510204081609e+00 1.578220341504525503e+00 7.443474095871994711e-01
1.757142857142857117e+00 2.734662177751560730e+00 9.475586686374690704e-01
1.775510204081632626e+00 3.970562848133734946e+00 7.492461001623927919e-01
1.793877551020408134e+00 4.310164470438921036e+00 8.287452902408156685e-01
1.812244897959183643e+00 4.778347851115194445e+00 8.350657953953671830e-01
1.830612244897959151e+00 5.220001057116986587e+00 8.210804989504812967e-01
1.848979591836734659e+00 5.555181376039359797e+00 7.862843923377130784e-01
1.867346938775510168e+00 5.907074657734867174e+00 7.334028916603563264e-01
1.885714285714285676e+00 6.564211105434087479e+00 6.635001106596197795e-01
1.904081632653061185e+00 7.771321863071046110e+00 5.217368506686193008e-01
1.922448979591836693e+00 7.257416699666346283e+00 7.200099904366636938e-01
1.940816326530612201e+00 8.597111864936421100e+00 5.604908976524767272e-01
1.959183673469387710e+00 8.726622393661541466e+00 8.214518765602404349e-01
1.977551020408163218e+00 9.582175618764843250e+00 6.399226621352409605e-01
1.995918367346938727e+00 1.002791996346056180e+01 6.615751807644552063e-01
2.014285714285714235e+00 1.055180647224931079e+01 7.176116318766105895e-01
2.032653061224489743e+00 1.069825057907896237e+01 8.237241550096755516e-01
2.051020408163265252e+00 1.094170024718537881e+01 8.460568468804151587e-01
2.069387755102040760e+00 1.111711980293262947e+01 7.948133141088186138e-01
2.087755102040816269e+00 1.122754206096418095e+01 7.988537431266151678e-01
2.106122448979591777e+00 1.142965108054579915e+01 7.869284334961836880e-01
2.124489795918367285e+00 1.215870224215598583e+01 6.290037804188349790e-01
2.142857142857142794e+00 1.110319492026094501e+01 7.126365304449527871e-01
2.161224489795918302e+00 1.140668221269226379e+01 8.013601400038351530e-01
2.179591836734693810e+00 1.169045842009979275e+01 8.655148830457599640e-01
2.197959183673469319e+00 1.179647114286762388e+01 7.466392809761275284e-01
2.216326530612244827e+00 1.161527019831959961e+01 4.583116222328074141e-01
2.234693877551020336e+00 1.184271452004946923e+01 5.417277534790593263e-01
2.253061224489795844e+00 1.134591586426054555e+01 5.855347862641846479e-01
2.271428571428571352e+00 1.166436951053847260e+01 8.185084142926658535e-01
2.289795918367346861e+00 1.229703851632838152e+01 6.668524420249524187e-01
2.308163265306122369e+00 1.220175054723271479e+01 6.191666599541681970e-01
2.326530612244897878e+00 1.229333406333902268e+01 6.540279945839263531e-01
2.344897959183673386e+00 1.231341019166325346e+01 6.877177088809733885e-01
2.363265306122448894e+00 1.252911655538414948e+01 6.632728047580062070e-01
2.381632653061224403e+00 1.245248566918881750e+01 6.710010067982427051e-01
2.399999999999999911e+00 1.262646729563476988e+01 7.422160804127827527e-01
