1.500000000000000000e+00 1.503687734841407275e+00 8.917220323125643056e-01
1.518367346938775508e+00 2.131237736648147418e+00 7.762104651675182376e-01
1.536734693877551017e+00 1.142226715809477433e+00 7.333268816342440877e-01
1.555102040816326525e+00 1.234144362504525194e+00 5.581385233770906895e-01
1.573469387755102034e+00 6.687652893851259162e-01 5.543072415524578078e-01
1.591836734693877542e+00 1.806331928270922815e-01 8.369402022216618775e-01
1.610204081632653050e+00 5.617368206896177218e-01 9.049991308487000952e-01
1.628571428571428559e+00 6.689766624022984720e-01 8.700010501482470238e-01
1.646938775510204067e+00 1.062442378232490103e+00 8.152722998120683906e-01
1.665306122448979576e+00 7.768719599085385230e-01 9.473766782275707676e-01
1.683673469387755084e+00 1.062894864845784770e+00 8.206334810806574787e-01
1.702040816326530592e+00 6.684488220153989024e-01 9.547947015011036820e-01
1.720408163265306101e+00 8.989039514880001747e-01 9.593926509719107321e-01
1.738775510204081609e+00 9.715733494529441572e-01 9.581361958162528669e-01
1.757142857142857117e+00 1.026345279607247196e+00 8.676723228568250512e-01
1.775510204081632626e+00 1.058719652626571639e+00 8.898065307197088325e-01
1.793877551020408134e+00 1.201805875744675456e+00 8.830027884732956078e-01
1.812244897959183643e+00 1.241210460767084633e+00 8.929414141199407684e-01
1.830612244897959151e+00 1.262531636959948411e+00 8.519135053095191479e-01
1.848979591836734659e+00 1.318382628325835082e+00 7.287331515407304838e-01
1.867346938775510168e+00 1.310224475840187752e+00 9.058060757957812070e-01
1.885714285714285676e+00 1.678828595979480198e+00 8.681106798795816815e-01
1.904081632653061185e+00 2.711716520536965103e+00 2.505167353470971747e-01
1.922448979591836693e+00 1.214172683372210848e+00 6.849345162491095040e-01
1.940816326530612201e+00 1.245783779700707861e+00 7.153276325746348308e-01
1.959183673469387710e+00 9.603658703649644579e-01 6.600041516184573798e-01
1.977551020408163218e+00 1.430491204694376517e+00 7.643145523150214338e-01
1.995918367346938727e+00 2.447329674425094748e+00 5.605497543362591983e-01
2.014285714285714235e+00 9.486630721345379325e-01 9.131691551313114719e-01
2.032653061224489743e+00 8.348271430041654950e-01 7.566661038967875674e-01
2.051020408163265252e+00 1.388685133135486138e+00 7.439756244634797566e-01
2.069387755102040760e+00 1.048061131052316686e+00 7.926454755137919417e-01
2.087755102040816269e+00 1.092769507229528259e+00 5.200448003553409526e-01
2.106122448979591777e+00 1.038034452320333312e+00 7.212842583340884905e-01
2.124489795918367285e+00 1.262694724739046592e-01 6.446682293747487691e-01
2.142857142857142794e+00 9.305554939910087864e-01 8.610285857661672537e-01
2.161224489795918302e+00 1.155217558979055870e+00 8.632626636549159960e-01
2.179591836734693810e+00 1.399590911075147215e+00 8.824478840286742454e-01
2.197959183673469319e+00 1.575034494752900471e+00 7.696427083337867847e-01
2.216326530612244827e+00 1.704631660369788859e+00 7.872870901409305677e-01
2.234693877551020336e+00 1.881190078024977286e+00 6.536331884313909546e-01
2.253061224489795844e+00 2.131147407126696258e+00 6.212657636359659730e-01
2.271428571428571352e+00 3.168199989911601122e+00 4.690088830158872790e-01
2.289795918367346861e+00 6.393646173003272315e-01 5.390314278408226967e-01
2.308163265306122369e+00 -3.651615432241929193e-01 6.042473063620659168e-01
2.326530612244897878e+00 1.676108881293560948e+00 7.925315250421652857e-01
2.344897959183673386e+00 2.208202685766329054e+00 7.493034697124270060e-01
2.363265306122448894e+00 3.000000674492536490e+00 6.356969190442978146e-01
2.381632653061224403e+00 1.640405021830229071e+00 4.824716680476473507e-01
2.399999999999999911e+00 2.029892656598462519e+00 6.614224715006730149e-01
