1.500000000000000000e+00 2.769685967601781318e+00 9.702798863406936203e-01
1.518367346938775508e+00 2.843508770674087582e+00 9.652462570265372133e-01
1.536734693877551017e+00 2.901960287313237963e+00 9.574803356596709447e-01
1.555102040816326525e+00 2.946353121125465879e+00 9.535670195053486120e-01
1.573469387755102034e+00 2.915003854308839237e+00 8.537907736002060544e-01
1.591836734693877542e+00 2.929300888286237026e+00 8.469991206711083853e-01
1.610204081632653050e+00 2.967557678242470853e+00 8.678984215666478708e-01
1.628571428571428559e+00 3.013501848623336699e+00 8.695845152293038005e-01
1.646938775510204067e+00 3.096164886385071480e+00 8.717182885934555703e-01
1.665306122448979576e+00 3.124832373707345123e+00 8.382862460030504614e-01
1.683673469387755084e+00 3.177232175236048839e+00 7.917588566448175991e-01
1.702040816326530592e+00 3.054842772237170045e+00 8.209593784564362950e-01
1.720408163265306101e+00 3.216464565890163829e+00 9.674675106994654605e-01
1.738775510204081609e+00 3.375090052769493365e+00 9.434422991802461356e-01
1.757142857142857117e+00 3.486011414207710768e+00 9.221860247282424039e-01
1.775510204081632626e+00 3.588172712332698300e+00 9.075732965919081074e-01
1.793877551020408134e+00 3.693068999390192619e+00 8.949033597576169230e-01
1.812244897959183643e+00 3.807106991215819303e+00 8.857878530388444416e-01
1.830612244897959151e+00 3.946341000621751416e+00 8.862604862829562835e-01
1.848979591836734659e+00 4.115977686223952325e+00 8.657049014176720902e-01
1.867346938775510168e+00 4.284239984194105233e+00 8.447166674432273759e-01
1.885714285714285676e+00 4.456966674060415912e+00 8.240384273440233276e-01
1.904081632653061185e+00 4.686781611512945922e+00 7.934871364713299569e-01
1.922448979591836693e+00 4.894424367880922944e+00 6.688264229552498552e-01
1.940816326530612201e+00 4.742303007796640379e+00 7.442761788252446609e-01
1.959183673469387710e+00 5.196558525329203704e+00 9.418038428934468742e-01
1.977551020408163218e+00 5.648304448736876537e+00 9.363079994231696679e-01
1.995918367346938727e+00 6.113907475023555804e+00 9.177396981159937628e-01
2.014285714285714235e+00 6.593903736403110116e+00 8.905473371732289811e-01
2.032653061224489743e+00 7.131181643067776577e+00 8.713880845959715016e-01
2.051020408163265252e+00 7.685822527873139798e+00 8.242642951630214654e-01
2.069387755102040760e+00 8.247289121155187530e+00 8.089313307506146300e-01
2.087755102040816269e+00 8.519453461687755080e+00 8.055053747696437894e-01
2.106122448979591777e+00 8.575401932994475729e+00 8.915393275579432952e-01
2.124489795918367285e+00 9.804285771191274534e+00 7.398681930503178128e-01
2.142857142857142794e+00 1.055492624459202311e+01 8.570524957259936238e-01
2.161224489795918302e+00 1.099241166651687784e+01 8.984244887826364767e-01
2.179591836734693810e+00 1.139619548374748703e+01 8.291981718721445072e-01
2.197959183673469319e+00 1.158442425558171074e+01 7.584130060915934557e-01
2.216326530612244827e+00 1.179166365070270750e+01 7.693229247102758572e-01
2.234693877551020336e+00 1.208965521947430943e+01 7.800464429322576665e-01
2.253061224489795844e+00 1.239868276381783119e+01 7.700370231928612696e-01
2.271428571428571352e+00 1.259731604841418040e+01 9.132428935901437672e-01
2.289795918367346861e+00 1.303440796909138122e+01 8.992099917263199904e-01
2.308163265306122369e+00 1.332952053180615692e+01 8.545215935846598443e-01
2.326530612244897878e+00 1.368688663998406163e+01 8.369300407510708029e-01
2.344897959183673386e+00 1.375235705459332536e+01 7.673945840430599352e-01
2.363265306122448894e+00 1.395800711943077665e+01 7.697784498470856551e-01
2.381632653061224403e+00 1.399675686206789393e+01 5.884854185476802169e-01
2.399999999999999911e+00 1.384231246195148302e+01 6.078993339406846275e-01
