1.500000000000000000e+00 2.750641038302484187e+00 8.409431827157165529e-01
1.518367346938775508e+00 3.174818973965749080e+00 9.573850092534853529e-01
1.536734693877551017e+00 3.558794228220461431e+00 9.490558652185560051e-01
1.555102040816326525e+00 3.937908899079505698e+00 8.664680871285830310e-01
1.573469387755102034e+00 4.017454652086428268e+00 9.286155139998535368e-01
1.591836734693877542e+00 3.782948160011060601e+00 5.974071775127282047e-01
1.610204081632653050e+00 4.135301246446499768e+00 8.145590649372128622e-01
1.628571428571428559e+00 4.337093530574867906e+00 6.681954431895968938e-01
1.646938775510204067e+00 1.529412820248033489e+00 7.156394456245840363e-01
1.665306122448979576e+00 3.447042625432019225e+00 7.494617530429900087e-01
1.683673469387755084e+00 3.374690870278570731e+00 7.458542391680816896e-01
1.702040816326530592e+00 3.085891165929406377e+00 8.078826067001156908e-01
1.720408163265306101e+00 3.451234451539102022e+00 9.130802448786671244e-01
1.738775510204081609e+00 3.459639850070877820e+00 9.066721091687408585e-01
1.757142857142857117e+00 3.424340236296808726e+00 7.941138943359635771e-01
1.775510204081632626e+00 3.429825316651951894e+00 8.108740188773363444e-01
1.793877551020408134e+00 3.825168929642663418e+00 8.799421087125871566e-01
1.812244897959183643e+00 3.356579796556298234e+00 8.189320664054572374e-01
1.830612244897959151e+00 3.388777995840157597e+00 8.100881239527513156e-01
1.848979591836734659e+00 3.437889524488635384e+00 8.329335375293857036e-01
1.867346938775510168e+00 3.685392650372705692e+00 8.868718655407954454e-01
1.885714285714285676e+00 3.730656045825896161e+00 8.340650176416009032e-01
1.904081632653061185e+00 3.804143482443733237e+00 8.237622640084989456e-01
1.922448979591836693e+00 4.011363204845261876e+00 8.845440151289203357e-01
1.940816326530612201e+00 4.078390440609046763e+00 8.316459522093863077e-01
1.959183673469387710e+00 4.540678320014429836e+00 9.240841501011469727e-01
1.977551020408163218e+00 5.333041950161745426e+00 6.970474710026569598e-01
1.995918367346938727e+00 4.098614978568818401e+00 6.228434242244074159e-01
2.014285714285714235e+00 4.549601462103094462e+00 5.634152798311637955e-01
2.032653061224489743e+00 4.431633603295299650e+00 7.262662833280781882e-01
2.051020408163265252e+00 4.325813444356771953e+00 7.889690253111466545e-01
2.069387755102040760e+00 4.345037298655816116e+00 7.268142625447286953e-01
2.087755102040816269e+00 4.825071332934863122e+00 7.147379034911998108e-01
2.106122448979591777e+00 2.839660313384696266e+00 8.026853970561208529e-01
2.124489795918367285e+00 2.566194867156861292e+00 8.101332854128275862e-01
2.142857142857142794e+00 3.309164657557142952e+00 7.268489008037124499e-01
2.161224489795918302e+00 3.693343082435631697e+00 8.202118242134727177e-01
2.179591836734693810e+00 3.785032405487697815e+00 8.367424219368918559e-01
2.197959183673469319e+00 3.403662688620082033e+00 7.984391673399811040e-01
2.216326530612244827e+00 3.312961875129344147e+00 6.871253763361215849e-01
2.234693877551020336e+00 3.476978903596644521e+00 6.254225139908035080e-01
2.253061224489795844e+00 3.613788206987913920e+00 5.484661009310163315e-01
2.271428571428571352e+00 3.878810710116978200e+00 8.031159647945990132e-01
2.289795918367346861e+00 3.937437303650129561e+00 8.602562749522729701e-01
2.308163265306122369e+00 4.182295499346819767e+00 8.353532568114455659e-01
2.326530612244897878e+00 4.564008222137493576e+00 8.958997429985989802e-01
2.344897959183673386e+00 5.066836067494174145e+00 8.333154613736435401e-01
2.363265306122448894e+00 4.558185539361183203e+00 5.508251777011975436e-01
2.381632653061224403e+00 5.434060484945776537e+00 7.638547861843989484e-01
2.399999999999999911e+00 6.075769245361324344e+00 7.522496645765512913e-01
