1.500000000000000000e+00 -1.685584274481479961e+00 8.292761822049922182e-01
1.518367346938775508e+00 -1.395255809098669975e+00 8.522464989205091879e-01
1.536734693877551017e+00 -1.471751418549739121e+00 8.177496378548751998e-01
1.555102040816326525e+00 -1.267960240432225438e+00 7.510929399562530362e-01
1.573469387755102034e+00 -1.165633731359180691e+00 7.130024321813793753e-01
1.591836734693877542e+00 -1.191889247199170665e+00 6.634779145351931140e-01
1.610204081632653050e+00 -1.381660396873866103e+00 6.743848283989098968e-01
1.628571428571428559e+00 -1.502911009115745822e+00 7.248381170392754758e-01
1.646938775510204067e+00 -1.328301495100657981e+00 8.121477297912947924e-01
1.665306122448979576e+00 -9.601027537134998457e-01 8.745826461818243525e-01
1.683673469387755084e+00 -5.480670565118188620e-01 9.236247476742542872e-01
1.702040816326530592e+00 4.264236384838338695e-02 9.297595276803189979e-01
1.720408163265306101e+00 8.455208198956685184e-01 7.489425753148316600e-01
1.738775510204081609e+00 7.778297866434791263e-01 6.266891635823962359e-01
1.757142857142857117e+00 2.358484560309230260e-01 6.486348253658529295e-01
1.775510204081632626e+00 9.476240109552235280e-01 7.053499263311809875e-01
1.793877551020408134e+00 2.437336425108951765e+00 8.807246474053117558e-01
1.812244897959183643e+00 2.272575568688130598e+00 8.183631587969554255e-01
1.830612244897959151e+00 3.148646692898168897e+00 9.065503763683639971e-01
1.848979591836734659e+00 3.894105539666907312e+00 9.051117957765643096e-01
1.867346938775510168e+00 4.516346638413960335e+00 7.129333496863319297e-01
1.885714285714285676e+00 4.140420320684086164e+00 6.391232010240620598e-01
1.904081632653061185e+00 4.420352731959140691e+00 7.624489602845982983e-01
1.922448979591836693e+00 4.823415253678053460e+00 8.027427743812048933e-01
1.940816326530612201e+00 5.323597674424939363e+00 8.150356726307282917e-01
1.959183673469387710e+00 6.113376711304707278e+00 5.976401758019630472e-01
1.977551020408163218e+00 7.319771344666035517e+00 7.260621662182366043e-01
1.995918367346938727e+00 8.085360180961595589e+00 6.823032779493684030e-01
2.014285714285714235e+00 8.419680988442333813e+00 7.405317271061534479e-01
2.032653061224489743e+00 8.639862670183678262e+00 7.632337149662552500e-01
2.051020408163265252e+00 8.746869490451590679e+00 7.847787437599480498e-01
2.069387755102040760e+00 9.063432684925707861e+00 8.246094185369350349e-01
2.087755102040816269e+00 9.795625798772338300e+00 8.719581726152714207e-01
2.106122448979591777e+00 1.002291388107015457e+01 8.412505998998628387e-01
2.124489795918367285e+00 9.768774242757752191e+00 7.987011283124989536e-01
2.142857142857142794e+00 1.006470022881161697e+01 7.002020351733037051e-01
2.161224489795918302e+00 1.025791739165113547e+01 7.616349809606616228e-01
2.179591836734693810e+00 1.005502776155297084e+01 4.740893156683781418e-01
2.197959183673469319e+00 1.064933531006611567e+01 6.947239052318606722e-01
2.216326530612244827e+00 1.044063469816534884e+01 5.958718165707939107e-01
2.234693877551020336e+00 1.047245596181309679e+01 6.245322302178575313e-01
2.253061224489795844e+00 1.033312735255228354e+01 6.503459549295187436e-01
2.271428571428571352e+00 1.036756081643459204e+01 6.043925854901208705e-01
2.289795918367346861e+00 1.101666434954860918e+01 5.905343960620099697e-01
2.308163265306122369e+00 1.075183531613702925e+01 5.232365376298447890e-01
2.326530612244897878e+00 1.048433196880435325e+01 5.299356385970679373e-01
2.344897959183673386e+00 1.075157551248573284e+01 6.288394185289805094e-01
2.363265306122448894e+00 1.126075315604796856e+01 6.417604904399303312e-01
2.381632653061224403e+00 1.187260292206229195e+01 7.010021244573731991e-01
2.399999999999999911e+00 1.212715753018973786e+01 7.375743790794380139e-01
