1.500000000000000000e+00 -1.393207337736247053e+00 9.147196394622714166e-01
1.518367346938775508e+00 -9.250664326478567068e-01 9.082443899573231505e-01
1.536734693877551017e+00 -6.234045470713505122e-01 8.977175782427386785e-01
1.555102040816326525e+00 -4.950980199280908267e-01 8.936321219062667298e-01
1.573469387755102034e+00 -1.777264465749474609e-01 8.048814698301385295e-01
1.591836734693877542e+00 2.813939009738021177e-02 6.726713157985059199e-01
1.610204081632653050e+00 -2.767400358130581939e+00 6.342455610096515706e-01
1.628571428571428559e+00 -1.634455865894194782e+00 6.382815997929380814e-01
1.646938775510204067e+00 -1.231769952630768383e+00 6.969864331862398732e-01
1.665306122448979576e+00 -1.591773154311155736e+00 7.412906665741151313e-01
1.683673469387755084e+00 -1.382082033572871849e+00 6.997970332218469425e-01
1.702040816326530592e+00 -1.001053070977485193e+00 9.414186254593013281e-01
1.720408163265306101e+00 -1.069416169441181674e+00 7.895886288348570314e-01
1.738775510204081609e+00 -8.172550934849335258e-01 9.280721962414618664e-01
1.757142857142857117e+00 -8.580926471604241046e-01 9.476227815374906882e-01
1.775510204081632626e+00 -8.941368723542493235e-01 8.935636281213072962e-01
1.793877551020408134e+00 -1.130600590222229807e+00 8.345039358076095093e-01
1.812244897959183643e+00 -7.359282879047607251e-01 9.446909944927277536e-01
1.830612244897959151e+00 -6.693427435846515117e-01 9.360035179826682317e-01
1.848979591836734659e+00 -5.607923013604603213e-01 9.573998128152843012e-01
1.867346938775510168e+00 -3.728266834754268566e-01 9.280204689695096265e-01
1.885714285714285676e+00 -3.928410806597116278e-01 8.910293423733273155e-01
1.904081632653061185e+00 -4.093174165755347760e-01 8.868000770063617644e-01
1.922448979591836693e+00 -1.747727104238823992e-01 9.050033389514088311e-01
1.940816326530612201e+00 3.936522009797512323e-01 5.619614142796159895e-01
1.959183673469387710e+00 -4.663790121852035564e-01 7.648736995672519301e-01
1.977551020408163218e+00 -2.154187312030486634e-01 8.303327675798606311e-01
1.995918367346938727e+00 2.572654488937115569e-01 6.719280737100236101e-01
2.014285714285714235e+00 -4.057835240692883039e-01 7.675324331018212876e-01
2.032653061224489743e+00 3.867022077797768742e-01 6.067752284103722360e-01
2.051020408163265252e+00 -8.814474109397556489e-01 8.895505653353631415e-01
2.069387755102040760e+00 -8.736463124695387217e-01 8.574597316726075835e-01
2.087755102040816269e+00 -5.669849708074152783e-01 7.824069132372585278e-01
2.106122448979591777e+00 1.430193484314796204e-01 7.400896685024502819e-01
2.124489795918367285e+00 -1.147508483577262428e+00 8.282625340347296028e-01
2.142857142857142794e+00 -9.422949557916602270e-01 7.089044189418166608e-01
2.161224489795918302e+00 -1.280036283615441528e+00 6.565255251139310300e-01
2.179591836734693810e+00 -1.243078261896961134e+00 7.824107110697613443e-01
2.197959183673469319e+00 -9.864603934828353182e-01 8.088461364850912938e-01
2.216326530612244827e+00 -8.107859611994294724e-01 8.001300647370506169e-01
2.234693877551020336e+00 -5.667336861201238696e-01 7.355158380584815303e-01
2.253061224489795844e+00 -6.799039921529280717e-01 8.367823799549986008e-01
2.271428571428571352e+00 -2.865109260890278953e-01 8.536635621848436273e-01
2.289795918367346861e+00 -4.963274210350420400e-03 8.569421400151719936e-01
2.308163265306122369e+00 1.684505027631792995e-01 7.562642705116945363e-01
2.326530612244897878e+00 1.100879171388827515e+00 7.126946768841764257e-01
2.344897959183673386e+00 -4.503707764177581341e-01 5.527861986744090350e-01
2.363265306122448894e+00 -3.277072530797505046e+00 7.235958319706097264e-01
2.381632653061224403e+00 -6.895603885965625457e-01 8.111302444436568893e-01
2.399999999999999911e+00 1.080378136071774020e-01 7.067290951281863798e-01
