1.500000000000000000e+00 -4.477876798092702004e-01 8.205165326811970639e-01
1.518367346938775508e+00 2.157010012139404520e-01 8.148745219504930359e-01
1.536734693877551017e+00 9.684092543936299036e-01 8.052485146027920093e-01
1.555102040816326525e+00 2.077174882680849599e+00 5.975507499448109439e-01
1.573469387755102034e+00 1.894483453071970747e+00 8.937969335110682589e-01
1.591836734693877542e+00 2.340055380449816091e+00 9.086180438003732540e-01
1.610204081632653050e+00 2.692505056214836934e+00 9.208327783456323745e-01
1.628571428571428559e+00 2.985649803491876586e+00 9.241712346044782533e-01
1.646938775510204067e+00 3.437703495489432104e+00 8.742837527201011705e-01
1.665306122448979576e+00 3.946426967003601849e+00 8.458654564010201771e-01
1.683673469387755084e+00 6.162483388109004423e+00 7.757395832361815291e-01
1.702040816326530592e+00 9.268534368125809664e+00 4.898222381967303751e-01
1.720408163265306101e+00 1.100636359244552409e+01 4.468571012431780121e-01
1.738775510204081609e+00 1.350482842182028698e+01 6.820814547178795095e-01
1.757142857142857117e+00 1.427972263320747714e+01 6.379031177644792772e-01
1.775510204081632626e+00 1.452969928580063907e+01 7.947829388888364432e-01
1.793877551020408134e+00 1.483548733379658913e+01 8.381188314212968393e-01
1.812244897959183643e+00 1.509525313134558289e+01 8.746047156266767431e-01
1.830612244897959151e+00 1.523233114081792650e+01 8.381334643145608165e-01
1.848979591836734659e+00 1.541137365632939904e+01 8.143726698231549266e-01
1.867346938775510168e+00 1.572343774547881523e+01 6.429326181115693206e-01
1.885714285714285676e+00 1.501375177472917599e+01 6.097493782276063312e-01
1.904081632653061185e+00 1.524762482968992217e+01 7.914183380991751671e-01
1.922448979591836693e+00 1.536311094245478692e+01 8.567042513083470423e-01
1.940816326530612201e+00 1.548768871388606350e+01 8.745711523664543297e-01
1.959183673469387710e+00 1.549672533524470808e+01 8.972772839496665487e-01
1.977551020408163218e+00 1.561823087691481504e+01 9.019510315671406264e-01
1.995918367346938727e+00 1.570340440215857924e+01 8.837890757904225403e-01
2.014285714285714235e+00 1.576505539632925590e+01 8.473994906000100746e-01
2.032653061224489743e+00 1.577571738678058821e+01 8.288931325714559151e-01
2.051020408163265252e+00 1.600485541089090447e+01 8.817983722199489449e-01
2.069387755102040760e+00 1.734804357608944869e+01 3.048551687615366212e-01
2.087755102040816269e+00 1.564239052861507773e+01 8.617298071153270955e-01
2.106122448979591777e+00 1.619462002761328279e+01 8.093271468364301446e-01
2.124489795918367285e+00 1.650739347936539758e+01 4.165440277962873528e-01
2.142857142857142794e+00 1.581346240534681336e+01 9.328008380453383097e-01
2.161224489795918302e+00 1.605306854874719846e+01 9.226506090093099521e-01
2.179591836734693810e+00 1.625277782307717445e+01 8.923676562230886677e-01
2.197959183673469319e+00 1.666449750115133810e+01 8.089201864581441193e-01
2.216326530612244827e+00 1.525528320269615890e+01 8.097181483061106633e-01
2.234693877551020336e+00 1.575555984437560930e+01 8.607865323535995872e-01
2.253061224489795844e+00 1.561332855256109298e+01 8.400935024173175059e-01
2.271428571428571352e+00 1.529799788720446152e+01 8.352235171754076593e-01
2.289795918367346861e+00 1.545793574328436648e+01 8.496500337755032994e-01
2.308163265306122369e+00 1.547828283028010787e+01 8.355911217052583995e-01
2.326530612244897878e+00 1.554108364425923128e+01 8.524021184693358899e-01
2.344897959183673386e+00 1.567118754332070196e+01 8.760181526802155449e-01
2.363265306122448894e+00 1.585248149701955178e+01 8.953855789767750650e-01
2.381632653061224403e+00 1.614075172237125955e+01 8.037467029748690539e-01
2.399999999999999911e+00 1.610006937362744850e+01 8.782737555570722110e-01
