1.500000000000000000e+00 -2.313050013881977840e+00 8.990735976077665059e-01
1.518367346938775508e+00 -2.311808617530930920e+00 9.151273053538365732e-01
1.536734693877551017e+00 -2.253821198771384093e+00 8.785825471480689375e-01
1.555102040816326525e+00 -2.025926072326560412e+00 8.526511796461663240e-01
1.573469387755102034e+00 -1.928066579257817104e+00 8.645479065044987532e-01
1.591836734693877542e+00 -1.739329676075080267e+00 8.160439140931131652e-01
1.610204081632653050e+00 -1.638705072478406466e+00 7.278480863252433375e-01
1.628571428571428559e+00 -1.507087682230834336e+00 6.704520718926507694e-01
1.646938775510204067e+00 -1.529460347862971359e+00 7.396462508835206506e-01
1.665306122448979576e+00 -1.386587172386499089e+00 7.193137350244507289e-01
1.683673469387755084e+00 -1.263409786505037991e+00 6.580729665147847518e-01
1.702040816326530592e+00 -1.582478740417621710e+00 5.631668263394365992e-01
1.720408163265306101e+00 -1.349913960200121554e+00 7.885095998787495786e-01
1.738775510204081609e+00 -8.041665782934771523e-01 9.251844119127570210e-01
1.757142857142857117e+00 -2.467573284505687470e-01 8.904833957449856952e-01
1.775510204081632626e+00 2.762151054822677421e-01 8.486263132432116940e-01
1.793877551020408134e+00 8.234536659703862727e-01 8.319386502523627991e-01
1.812244897959183643e+00 1.359465914762131966e+00 8.173452050945770875e-01
1.830612244897959151e+00 1.515736963928671299e+00 8.036570156607278914e-01
1.848979591836734659e+00 2.060628887311001911e+00 9.119252633857048984e-01
1.867346938775510168e+00 2.542688031508737012e+00 9.346561734752274475e-01
1.885714285714285676e+00 3.093054563938314683e+00 9.504363620373262878e-01
1.904081632653061185e+00 3.407651486860765910e+00 9.474973898494741809e-01
1.922448979591836693e+00 3.732147471287105223e+00 9.717327550759211618e-01
1.940816326530612201e+00 4.135134811960305967e+00 9.561534097138538746e-01
1.959183673469387710e+00 4.569136719894776988e+00 8.266235169894865509e-01
1.977551020408163218e+00 4.539251239563680151e+00 7.175051333813964316e-01
1.995918367346938727e+00 4.965553502568845090e+00 7.575792565047807514e-01
2.014285714285714235e+00 5.795390118416341885e+00 6.523275040964400251e-01
2.032653061224489743e+00 6.588731721538417574e+00 6.773501432046931114e-01
2.051020408163265252e+00 7.700854808737117807e+00 8.677461390366137950e-01
2.069387755102040760e+00 8.175774345226850315e+00 7.649404114265393462e-01
2.087755102040816269e+00 8.484378262234621104e+00 7.907765456924055192e-01
2.106122448979591777e+00 8.469020852741287797e+00 8.004897023177766080e-01
2.124489795918367285e+00 8.600172223237070313e+00 8.265011928584893308e-01
2.142857142857142794e+00 9.276562006998840815e+00 8.722033256847379068e-01
2.161224489795918302e+00 9.349563950074724517e+00 8.821063069976073923e-01
2.179591836734693810e+00 9.463184035426944973e+00 8.353094173806931977e-01
2.197959183673469319e+00 9.365515237563858619e+00 8.219068500155620738e-01
2.216326530612244827e+00 9.501978461760545613e+00 8.203858935356903581e-01
2.234693877551020336e+00 1.025491646002546453e+01 6.413374745228873630e-01
2.253061224489795844e+00 9.507933342022209189e+00 7.398939733945718578e-01
2.271428571428571352e+00 9.554318912743401171e+00 6.341435601612530615e-01
2.289795918367346861e+00 9.964377469427029510e+00 6.563877386838281591e-01
2.308163265306122369e+00 9.950250588394171203e+00 7.346125800231601000e-01
2.326530612244897878e+00 1.028898004500864438e+01 6.694717476985171389e-01
2.344897959183673386e+00 1.015118624996526364e+01 6.910177428870722949e-01
2.363265306122448894e+00 1.059939432704781126e+01 7.120242137325829557e-01
2.381632653061224403e+00 1.095410120371878193e+01 5.196474799868580075e-01
2.399999999999999911e+00 1.022592939291096137e+01 5.644545209858147228e-01
