1.500000000000000000e+00 1.967823639469526542e+00 9.090652774817675752e-01
1.518367346938775508e+00 2.074379856188408588e+00 9.112660259930874806e-01
1.536734693877551017e+00 2.167606921719402724e+00 9.026770190171675701e-01
1.555102040816326525e+00 2.254373917881844047e+00 8.896172511089256441e-01
1.573469387755102034e+00 2.336161427274461300e+00 8.737027164249872024e-01
1.591836734693877542e+00 2.392576405879700996e+00 8.464620435023849643e-01
1.610204081632653050e+00 2.420244249264413838e+00 8.101058296857213126e-01
1.628571428571428559e+00 2.491479115603350447e+00 7.871344274144626008e-01
1.646938775510204067e+00 2.163110212316211367e+00 6.926159746350830648e-01
1.665306122448979576e+00 2.159389333800189714e+00 7.259315129326999738e-01
1.683673469387755084e+00 2.266870072348438736e+00 7.950255795676393067e-01
1.702040816326530592e+00 2.374422583033283463e+00 8.665325141264081932e-01
1.720408163265306101e+00 2.523637256399514861e+00 9.040451200236018225e-01
1.738775510204081609e+00 2.637989549146663837e+00 8.676873518005651098e-01
1.757142857142857117e+00 2.752588309877717965e+00 8.705813029580768969e-01
1.775510204081632626e+00 2.884983970365895711e+00 8.772334303590844096e-01
1.793877551020408134e+00 3.019274440851093644e+00 8.832675619368797193e-01
1.812244897959183643e+00 3.227584291496098157e+00 8.853218982832745665e-01
1.830612244897959151e+00 3.377911603143022301e+00 7.805149589307778246e-01
1.848979591836734659e+00 3.048999375762866393e+00 5.890703882067785946e-01
1.867346938775510168e+00 3.509408029927319816e+00 7.192980079611721589e-01
1.885714285714285676e+00 3.570040308490194825e+00 7.027215608115248147e-01
1.904081632653061185e+00 3.585539855722604585e+00 7.911939088426603872e-01
1.922448979591836693e+00 3.746109039225632653e+00 7.947182136257606722e-01
1.940816326530612201e+00 4.059864282359413323e+00 8.076267396047516200e-01
1.959183673469387710e+00 4.428682494807818948e+00 9.618044253768989194e-01
1.977551020408163218e+00 4.144356145449172857e+00 6.464140875768762395e-01
1.995918367346938727e+00 4.753411374309486348e+00 9.039893360006976408e-01
2.014285714285714235e+00 5.388668462441986051e+00 9.594315109182001144e-01
2.032653061224489743e+00 5.994743072834105568e+00 9.409134555006571921e-01
2.051020408163265252e+00 6.657638845306693476e+00 8.144413994426888959e-01
2.069387755102040760e+00 7.242853749745947312e+00 5.804426028456552977e-01
2.087755102040816269e+00 8.033532604177569425e+00 5.091066061329309056e-01
2.106122448979591777e+00 8.694492968175795866e+00 5.265175067627539951e-01
2.124489795918367285e+00 9.230927117742380617e+00 6.574195561012989852e-01
2.142857142857142794e+00 9.817829597902845151e+00 6.602289641446631441e-01
2.161224489795918302e+00 1.020792328361309487e+01 6.963786561313419776e-01
2.179591836734693810e+00 1.003324541665035419e+01 5.932565799085062208e-01
2.197959183673469319e+00 1.028192428252650892e+01 6.666834541613538834e-01
2.216326530612244827e+00 1.063496663445265078e+01 7.812091318368024062e-01
2.234693877551020336e+00 1.118512807487753236e+01 8.983256208459612369e-01
2.253061224489795844e+00 1.182927474227579978e+01 7.477069140295310445e-01
2.271428571428571352e+00 1.187158923340070693e+01 9.453846464264594740e-01
2.289795918367346861e+00 1.233711175449114350e+01 8.655083682862282357e-01
2.308163265306122369e+00 1.258012777144584327e+01 7.987052866866467538e-01
2.326530612244897878e+00 1.276496195729007788e+01 7.641113393693361733e-01
2.344897959183673386e+00 1.298557847283870892e+01 7.417011487017590721e-01
2.363265306122448894e+00 1.352439470191660753e+01 7.475514327343898424e-01
2.381632653061224403e+00 1.623241250463564000e+01 6.805261487631426576e-01
2.399999999999999911e+00 1.812109974106330412e+01 6.102136508160271866e-01
