1.500000000000000000e+00 3.098889451147759377e+00 6.404904458808681200e-01
1.518367346938775508e+00 3.771975559453023763e+00 8.850067186507875050e-01
1.536734693877551017e+00 4.750632361402644221e+00 7.260247040916809613e-01
1.555102040816326525e+00 5.339253676607997434e+00 8.739858924167270837e-01
1.573469387755102034e+00 6.005499767397885158e+00 9.186536427381797321e-01
1.591836734693877542e+00 6.496970774610884014e+00 9.659019711239632544e-01
1.610204081632653050e+00 7.008240264341528025e+00 9.542696657515365999e-01
1.628571428571428559e+00 7.694509857643677897e+00 7.876097023060379954e-01
1.646938775510204067e+00 8.071536850289303899e+00 7.168760685942215938e-01
1.665306122448979576e+00 7.857616282157598775e+00 8.307142209951940970e-01
1.683673469387755084e+00 8.230846198371267519e+00 9.443617418063339208e-01
1.702040816326530592e+00 8.714070767544125573e+00 9.236711756628755987e-01
1.720408163265306101e+00 9.830975010081164811e+00 9.610996562397333687e-01
1.738775510204081609e+00 1.252364765922508916e+01 4.500795638471017934e-01
1.757142857142857117e+00 1.237358364635792718e+01 4.910465593066393741e-01
1.775510204081632626e+00 1.178213920354272659e+01 6.086640423956932722e-01
1.793877551020408134e+00 1.291579065774237201e+01 8.774391514600115016e-01
1.812244897959183643e+00 1.352903529004533389e+01 9.320095816378323184e-01
1.830612244897959151e+00 1.372094283889743060e+01 7.063627623905343045e-01
1.848979591836734659e+00 1.374366948921301379e+01 7.704832116100811534e-01
1.867346938775510168e+00 1.395165747341469320e+01 7.544978354041141921e-01
1.885714285714285676e+00 1.404696924762822263e+01 7.902606533404765710e-01
1.904081632653061185e+00 1.415402242277318656e+01 7.686057680903073397e-01
1.922448979591836693e+00 1.438603371068617953e+01 7.304434481077929364e-01
1.940816326530612201e+00 1.390211858900534381e+01 6.392076564571026465e-01
1.959183673469387710e+00 1.382238466389580722e+01 8.826586386536134921e-01
1.977551020408163218e+00 1.404645967909492299e+01 8.723912521494660011e-01
1.995918367346938727e+00 1.424908453934153485e+01 6.886430044648365056e-01
2.014285714285714235e+00 1.436587820808724736e+01 7.821233964912548409e-01
2.032653061224489743e+00 1.447604349281479585e+01 7.855071569386412600e-01
2.051020408163265252e+00 1.471638255734197465e+01 8.396520948059511547e-01
2.069387755102040760e+00 1.498672458680570507e+01 5.744994953203825805e-01
2.087755102040816269e+00 1.495084339760530590e+01 6.524858521192038463e-01
2.106122448979591777e+00 1.555676748047113911e+01 4.995872470828116585e-01
2.124489795918367285e+00 1.469919919321052326e+01 8.375064357968633466e-01
2.142857142857142794e+00 1.564920035282075972e+01 8.746889949920402252e-01
2.161224489795918302e+00 1.413301685818238340e+01 4.640012041646114915e-01
2.179591836734693810e+00 1.557918263608107345e+01 3.788280907888207927e-01
2.197959183673469319e+00 1.420714099222920268e+01 7.265652255668130222e-01
2.216326530612244827e+00 1.430668987269066683e+01 7.265208587098201942e-01
2.234693877551020336e+00 1.430862713897591298e+01 7.164900030922771723e-01
2.253061224489795844e+00 1.425135917638759686e+01 6.906171262685285583e-01
2.271428571428571352e+00 1.340156411717934049e+01 7.937580117427333048e-01
2.289795918367346861e+00 1.353902265450304476e+01 6.407755467736148125e-01
2.308163265306122369e+00 1.326309126196371757e+01 7.178571337557496657e-01
2.326530612244897878e+00 1.338706364448014163e+01 7.263963807802531480e-01
2.344897959183673386e+00 1.361086042992150347e+01 6.637910906621602436e-01
2.363265306122448894e+00 1.386202498040879938e+01 7.104548769955690846e-01
2.381632653061224403e+00 1.401041522191283484e+01 7.711658758991115636e-01
2.399999999999999911e+00 1.431665331610635405e+01 7.931297874759207778e-01
