1.500000000000000000e+00 -1.669993699367519513e+00 8.010559860870926085e-01
1.518367346938775508e+00 -1.574803795439023046e+00 7.476810887590451538e-01
1.536734693877551017e+00 -1.624031696241048817e+00 5.094262547066512603e-01
1.555102040816326525e+00 -2.349337406380822557e+00 6.087868961646082377e-01
1.573469387755102034e+00 -1.968415241539575700e+00 9.056529395546643046e-01
1.591836734693877542e+00 -1.726623344988734932e+00 9.531062963685396072e-01
1.610204081632653050e+00 -1.547622492261215399e+00 9.461878448905726158e-01
1.628571428571428559e+00 -1.382440821794177266e+00 9.220441612719129099e-01
1.646938775510204067e+00 -1.209984554398115364e+00 8.799841276176079141e-01
1.665306122448979576e+00 -1.027928231224829014e+00 8.001668194992137551e-01
1.683673469387755084e+00 -9.434543768986565215e-01 6.730531188793343889e-01
1.702040816326530592e+00 -1.031079435745060113e+00 6.475380731224722464e-01
1.720408163265306101e+00 -8.680116836520874735e-01 6.821614852124006090e-01
1.738775510204081609e+00 -6.021486132985941486e-01 6.223282919835115834e-01
1.757142857142857117e+00 -6.710843877027838911e-01 4.483175157551054224e-01
1.775510204081632626e+00 -7.148723171030549883e-01 8.098623394673077902e-01
1.793877551020408134e+00 -1.886501392731514959e-01 9.257962924772719093e-01
1.812244897959183643e+00 2.502296161888917236e-01 9.069955618736569303e-01
1.830612244897959151e+00 6.912532631889219958e-01 8.711483374291902892e-01
1.848979591836734659e+00 1.152623186809430100e+00 8.355178173384766316e-01
1.867346938775510168e+00 1.620294977332319863e+00 8.098557135906055970e-01
1.885714285714285676e+00 2.067960740580669032e+00 8.004196556844975774e-01
1.904081632653061185e+00 2.471903574700354600e+00 8.094245886067648055e-01
1.922448979591836693e+00 2.787505715108562487e+00 8.620780216419957620e-01
1.940816326530612201e+00 3.242740700320168923e+00 9.823993405563633541e-01
1.959183673469387710e+00 3.732212640029745732e+00 7.703255453627465554e-01
1.977551020408163218e+00 3.999711354824014631e+00 8.071648208379200717e-01
1.995918367346938727e+00 4.399412034586876352e+00 8.281556971396749622e-01
2.014285714285714235e+00 5.018257661258047619e+00 8.325091488504275938e-01
2.032653061224489743e+00 6.245471058610410964e+00 6.950301512142108562e-01
2.051020408163265252e+00 3.110109327723935113e+00 2.690341795593941820e-01
2.069387755102040760e+00 6.236921340161222460e+00 3.237968243599421148e-01
2.087755102040816269e+00 6.778104279764511020e+00 5.479340526158382740e-01
2.106122448979591777e+00 7.368399367988179627e+00 6.846193779622584685e-01
2.124489795918367285e+00 7.976933152914787328e+00 8.006370929211081844e-01
2.142857142857142794e+00 8.384246768222137547e+00 8.675967308407795953e-01
2.161224489795918302e+00 8.683693103050165618e+00 9.079348450690302164e-01
2.179591836734693810e+00 8.927096719960363913e+00 9.390871900571164943e-01
2.197959183673469319e+00 9.130182297900795163e+00 9.400495187656229268e-01
2.216326530612244827e+00 9.302597158971691371e+00 9.393437544564022801e-01
2.234693877551020336e+00 9.492078022292893991e+00 9.457435847391846284e-01
2.253061224489795844e+00 9.557929451115271036e+00 9.671753906859570371e-01
2.271428571428571352e+00 9.759676411459405898e+00 9.687003673952363503e-01
2.289795918367346861e+00 9.972600574756548042e+00 9.450741835969435067e-01
2.308163265306122369e+00 1.049092182135266782e+01 6.152231044642866298e-01
2.326530612244897878e+00 9.696915456344257223e+00 8.055147502185935338e-01
2.344897959183673386e+00 9.716025402224270024e+00 7.097142188102731897e-01
2.363265306122448894e+00 1.002278837985701720e+01 9.227645617240186615e-01
2.381632653061224403e+00 1.020712207690346851e+01 9.562000913435798610e-01
2.399999999999999911e+00 1.040114201246275449e+01 9.564574316331260206e-01
