1.500000000000000000e+00 -2.781145891600502296e+00 7.086485414751966250e-01
1.518367346938775508e+00 -1.943546455552930263e+00 8.894627324241070054e-01
1.536734693877551017e+00 -1.167084775226222781e+00 7.589769390421613471e-01
1.555102040816326525e+00 -3.732655301944057258e-01 7.888243719973011547e-01
1.573469387755102034e+00 7.586086353295873330e-02 8.651840122445968451e-01
1.591836734693877542e+00 5.093183613746847804e-01 9.453944219154170048e-01
1.610204081632653050e+00 9.729437354407813876e-01 9.608830453860780496e-01
1.628571428571428559e+00 1.571154484456738887e+00 7.870889512376781916e-01
1.646938775510204067e+00 1.942427122639057480e+00 9.059653036586877706e-01
1.665306122448979576e+00 1.978376240633782812e+00 9.393037362633792631e-01
1.683673469387755084e+00 2.393459443305690826e+00 7.769722199502949733e-01
1.702040816326530592e+00 2.858777379899878124e+00 9.266712558926476495e-01
1.720408163265306101e+00 4.294218630747201892e+00 8.051552725713407854e-01
1.738775510204081609e+00 6.886562947665416878e+00 7.116231803825907587e-01
1.757142857142857117e+00 8.737063105799848017e+00 8.392432524152670936e-01
1.775510204081632626e+00 5.721968893724673322e+00 7.921959362362809287e-01
1.793877551020408134e+00 6.957657316758592891e+00 8.240964162814189420e-01
1.812244897959183643e+00 7.433141523388851368e+00 8.577121396928620856e-01
1.830612244897959151e+00 7.677298648340881826e+00 7.166461536872579252e-01
1.848979591836734659e+00 8.009624253566373753e+00 8.351040491126273668e-01
1.867346938775510168e+00 8.159830707470600686e+00 7.556292789701098966e-01
1.885714285714285676e+00 8.203304636469864519e+00 7.859001384905940357e-01
1.904081632653061185e+00 8.249191936874874287e+00 9.075852261653043485e-01
1.922448979591836693e+00 8.613722857230859731e+00 7.302457156900191704e-01
1.940816326530612201e+00 7.529451012159294798e+00 9.077094571306927318e-01
1.959183673469387710e+00 7.922314005960829242e+00 8.768492333172450692e-01
1.977551020408163218e+00 8.228497884141082963e+00 9.096027229132540581e-01
1.995918367346938727e+00 8.502478550803484580e+00 8.721609744631393379e-01
2.014285714285714235e+00 8.617535370304974407e+00 7.890281936612160152e-01
2.032653061224489743e+00 8.596522830298965800e+00 8.295443996344197268e-01
2.051020408163265252e+00 9.001311854282887381e+00 8.527753468959748950e-01
2.069387755102040760e+00 9.748999987132044964e+00 6.204661303807309514e-01
2.087755102040816269e+00 8.733123624892368042e+00 6.512869150629108095e-01
2.106122448979591777e+00 8.052540669038554810e+00 6.481664963075191022e-01
2.124489795918367285e+00 8.522904193872200551e+00 7.963522597249688140e-01
2.142857142857142794e+00 9.664471841470493985e+00 7.098704938858251268e-01
2.161224489795918302e+00 7.707016788213534753e+00 6.873308339094758024e-01
2.179591836734693810e+00 9.367484025181459728e+00 4.523696971414162271e-01
2.197959183673469319e+00 7.763699266249750153e+00 7.283690405078633301e-01
2.216326530612244827e+00 8.015979345211565743e+00 7.341442164100261403e-01
2.234693877551020336e+00 7.867597923887211131e+00 7.754737356671753679e-01
2.253061224489795844e+00 8.049652265140149865e+00 7.420170739898410694e-01
2.271428571428571352e+00 7.542476640432277613e+00 6.372013036500830951e-01
2.289795918367346861e+00 7.945137227087703202e+00 7.604286981606490636e-01
2.308163265306122369e+00 8.009349588360317185e+00 7.363772192207167500e-01
2.326530612244897878e+00 8.044275059947622708e+00 7.190256738193750996e-01
2.344897959183673386e+00 7.937351825383515802e+00 7.059171594585987863e-01
2.363265306122448894e+00 7.915973148299630502e+00 6.264611052785423739e-01
2.381632653061224403e+00 8.034557010249081088e+00 7.679008032756111657e-01
2.399999999999999911e+00 8.371962046848828720e+00 8.660608969129670598e-01
