1.500000000000000000e+00 -8.449160075767931932e-01 8.652233630126383579e-01
1.518367346938775508e+00 -7.260881262182409257e-01 8.461740987604129405e-01
1.536734693877551017e+00 -5.735691997511099816e-01 7.950434908576795578e-01
1.555102040816326525e+00 -5.391057259786250500e-01 6.987257225499945434e-01
1.573469387755102034e+00 -1.798712212646529918e-01 6.443122253462890692e-01
1.591836734693877542e+00 -3.734398764369978863e-01 6.060079182329277669e-01
1.610204081632653050e+00 -3.075006039007923131e-01 6.896005935563670475e-01
1.628571428571428559e+00 -5.418584108447348502e-01 6.190373842855552144e-01
1.646938775510204067e+00 -3.942841451533371511e-01 6.803956722701711701e-01
1.665306122448979576e+00 -9.285996689057388065e-02 7.468061691794518620e-01
1.683673469387755084e+00 2.938365029552862939e-01 8.286538936325449356e-01
1.702040816326530592e+00 8.021970408383410911e-01 9.186852693347500320e-01
1.720408163265306101e+00 1.601467503727745489e+00 9.386976150062477098e-01
1.738775510204081609e+00 2.186799271031227399e+00 8.016652354241246003e-01
1.757142857142857117e+00 2.735806934028722548e+00 6.771728650937811622e-01
1.775510204081632626e+00 3.249572263011009987e+00 6.697108621095433367e-01
1.793877551020408134e+00 3.885576660367626278e+00 7.547374612468085164e-01
1.812244897959183643e+00 2.618806006542884646e+00 8.519775394734860896e-01
1.830612244897959151e+00 3.579628148665796150e+00 8.269316403358495382e-01
1.848979591836734659e+00 4.135417181290145905e+00 9.736759328639927880e-01
1.867346938775510168e+00 4.566938216843198894e+00 9.491867815606062075e-01
1.885714285714285676e+00 4.964113280845122489e+00 8.810729294316742566e-01
1.904081632653061185e+00 5.321096691325112538e+00 8.419907331811457007e-01
1.922448979591836693e+00 5.705070831291331857e+00 8.319183617260371699e-01
1.940816326530612201e+00 6.263460842234134240e+00 7.830939208682109465e-01
1.959183673469387710e+00 7.126403322844234722e+00 5.087183440868799922e-01
1.977551020408163218e+00 7.757711486633125375e+00 6.203804877263306983e-01
1.995918367346938727e+00 8.253318296855015390e+00 6.510368964169503947e-01
2.014285714285714235e+00 8.873143177421905392e+00 6.379839605333050834e-01
2.032653061224489743e+00 9.447042961927801130e+00 7.627591389733202609e-01
2.051020408163265252e+00 9.653020996823737931e+00 7.216503015693266354e-01
2.069387755102040760e+00 9.803912788199014017e+00 7.746912119387993068e-01
2.087755102040816269e+00 1.008489535456303798e+01 8.166431113028046473e-01
2.106122448979591777e+00 1.039425106512810970e+01 8.125484903164322814e-01
2.124489795918367285e+00 1.059119659672656510e+01 8.058964650429345511e-01
2.142857142857142794e+00 1.076641365331067668e+01 8.079744809900493152e-01
2.161224489795918302e+00 1.097400661394751431e+01 8.070131835848536328e-01
2.179591836734693810e+00 1.130284818147568870e+01 5.795929401814778892e-01
2.197959183673469319e+00 1.025738342093154642e+01 5.626755408039402218e-01
2.216326530612244827e+00 1.072287800113507572e+01 6.773332594117584815e-01
2.234693877551020336e+00 1.094952336925305758e+01 7.404082611888954668e-01
2.253061224489795844e+00 1.110111433934634562e+01 8.190435796647144162e-01
2.271428571428571352e+00 1.150565701756103110e+01 9.526139010783806205e-01
2.289795918367346861e+00 1.221956416157886238e+01 8.875496408478082966e-01
2.308163265306122369e+00 1.168621815215301396e+01 5.918856950058567490e-01
2.326530612244897878e+00 9.758568219965209067e+00 5.687611900546514221e-01
2.344897959183673386e+00 1.141638086856476342e+01 5.998760971674316211e-01
2.363265306122448894e+00 1.177236183612163778e+01 5.871175590566750646e-01
2.381632653061224403e+00 1.188140089447404080e+01 6.460156669507161054e-01
2.399999999999999911e+00 1.183483434490830355e+01 6.561567723084626991e-01
