1.500000000000000000e+00 2.845373906348068971e+00 8.707323254950860569e-01
1.518367346938775508e+00 2.995959653519827182e+00 8.653401746751496759e-01
1.536734693877551017e+00 3.182668586628503604e+00 8.288753694343762302e-01
1.555102040816326525e+00 2.668890303266350017e+00 7.120547356866132604e-01
1.573469387755102034e+00 3.869001094962291720e+00 8.648382588015706141e-01
1.591836734693877542e+00 4.589335132904912129e+00 7.841500015043098015e-01
1.610204081632653050e+00 5.638861767899069122e+00 8.120606429770756973e-01
1.628571428571428559e+00 6.281799443011754747e+00 8.181027306370614038e-01
1.646938775510204067e+00 6.328438687595507872e+00 8.315233573131580735e-01
1.665306122448979576e+00 6.893469054333511536e+00 8.714741377321210125e-01
1.683673469387755084e+00 7.444685629824729034e+00 8.728836660097126776e-01
1.702040816326530592e+00 8.090734957088550061e+00 8.430903673467718962e-01
1.720408163265306101e+00 8.085361443019422723e+00 7.752550239083120243e-01
1.738775510204081609e+00 8.327122631320529322e+00 7.532973250121101083e-01
1.757142857142857117e+00 8.619426097665732200e+00 7.381738527321490828e-01
1.775510204081632626e+00 9.995951139726031442e+00 9.222281689469230548e-01
1.793877551020408134e+00 1.156144164136974162e+01 5.690491666273339577e-01
1.812244897959183643e+00 1.119169154692988322e+01 6.642396799530755347e-01
1.830612244897959151e+00 1.173236509721516185e+01 7.856098010041223656e-01
1.848979591836734659e+00 1.235884547197131766e+01 9.159427681886165296e-01
1.867346938775510168e+00 1.282514354275930657e+01 8.751372830639169154e-01
1.885714285714285676e+00 1.347080591562172103e+01 7.211061378169002500e-01
1.904081632653061185e+00 1.358662478419283559e+01 8.510173154102272930e-01
1.922448979591836693e+00 1.346437144671675057e+01 8.776369475557428412e-01
1.940816326530612201e+00 1.299150092865663630e+01 8.990681671076854453e-01
1.959183673469387710e+00 1.299295546164278825e+01 9.617976122170955877e-01
1.977551020408163218e+00 1.330166793298375438e+01 9.196888133928647902e-01
1.995918367346938727e+00 1.310291961280970519e+01 7.616026126304018540e-01
2.014285714285714235e+00 1.332462874616528659e+01 8.891273778882508028e-01
2.032653061224489743e+00 1.327447878601015674e+01 9.140087951513580222e-01
2.051020408163265252e+00 1.349959213609761477e+01 8.976882616110940516e-01
2.069387755102040760e+00 1.363508957340376426e+01 8.810016015804545964e-01
2.087755102040816269e+00 1.376616799789196577e+01 8.745602284881982547e-01
2.106122448979591777e+00 1.396316910153967328e+01 9.135208412974705761e-01
2.124489795918367285e+00 1.469289519866675775e+01 6.166873589179485693e-01
2.142857142857142794e+00 1.446405648572136826e+01 6.777614871321062662e-01
2.161224489795918302e+00 1.492137851406635107e+01 6.684322710270461654e-01
2.179591836734693810e+00 1.447434195241417498e+01 8.044685769330687242e-01
2.197959183673469319e+00 1.450344670887090714e+01 7.464882938362114029e-01
2.216326530612244827e+00 1.370866627315497865e+01 7.511302702186245517e-01
2.234693877551020336e+00 1.606556770242951160e+01 6.388372663850186983e-01
2.253061224489795844e+00 1.295244147728495143e+01 7.476404499760943567e-01
2.271428571428571352e+00 1.401307085597785118e+01 6.469235294565244265e-01
2.289795918367346861e+00 1.568716358230372165e+01 6.502456166544581251e-01
2.308163265306122369e+00 1.857224393914400551e+01 6.259461082779388397e-01
2.326530612244897878e+00 1.912947877472942082e+01 5.048681878720256977e-01
2.344897959183673386e+00 1.952554274983402749e+01 6.338634865958797660e-01
2.363265306122448894e+00 1.950862393571716069e+01 7.873496631434122595e-01
2.381632653061224403e+00 1.925456012536580630e+01 8.468097583966913700e-01
2.399999999999999911e+00 1.972258827158740857e+01 4.806902255374311261e-01
