1.500000000000000000e+00 2.455624970056833778e+00 9.316310164969283658e-01
1.518367346938775508e+00 2.113452496360014976e+00 8.333706366065102289e-01
1.536734693877551017e+00 1.829133949956134320e+00 8.968117253279292989e-01
1.555102040816326525e+00 2.020358956944923179e+00 9.779436902403074727e-01
1.573469387755102034e+00 2.287955172648636015e+00 9.173109096642130256e-01
1.591836734693877542e+00 2.228285147363787910e+00 8.960896552069618215e-01
1.610204081632653050e+00 2.220885439107092019e+00 8.778742588152442794e-01
1.628571428571428559e+00 2.173073299157488147e+00 8.463414496727078573e-01
1.646938775510204067e+00 2.166764459983268942e+00 8.679216626942267698e-01
1.665306122448979576e+00 2.316989454067046150e+00 9.326620142315330542e-01
1.683673469387755084e+00 2.363137174347324176e+00 9.115421809208142934e-01
1.702040816326530592e+00 2.217260331233811055e+00 8.005761304409290124e-01
1.720408163265306101e+00 2.217723988599564766e+00 8.373614557682806936e-01
1.738775510204081609e+00 2.422940600223669971e+00 8.593518841361275085e-01
1.757142857142857117e+00 2.518708251058008329e+00 7.895040521996130600e-01
1.775510204081632626e+00 2.682151929042803307e+00 8.656680778279216559e-01
1.793877551020408134e+00 2.890704669214115619e+00 8.204949534325040039e-01
1.812244897959183643e+00 2.588830158049482577e+00 8.252567894869320408e-01
1.830612244897959151e+00 2.948133443307339618e+00 8.652994335078593169e-01
1.848979591836734659e+00 3.198294887740816606e+00 8.091118546107243237e-01
1.867346938775510168e+00 8.869820350963744104e-01 7.749803892857012322e-01
1.885714285714285676e+00 2.348700480577692318e+00 7.949977575461641965e-01
1.904081632653061185e+00 2.310381080304448442e+00 8.479959567474137927e-01
1.922448979591836693e+00 2.222616918464213942e+00 7.921484023712729305e-01
1.940816326530612201e+00 2.136494916273200761e+00 8.102220049172852434e-01
1.959183673469387710e+00 2.018444391275429517e+00 8.248304160638442184e-01
1.977551020408163218e+00 2.015661133167090391e+00 7.944343175640810051e-01
1.995918367346938727e+00 2.051645794918850019e+00 8.362780780410258297e-01
2.014285714285714235e+00 2.149904550850247897e+00 8.412931981214973876e-01
2.032653061224489743e+00 2.226963542334165602e+00 8.283612025054126748e-01
2.051020408163265252e+00 2.128209739507044951e+00 8.374660412755178251e-01
2.069387755102040760e+00 2.375905189671151163e+00 8.718360595120291379e-01
2.087755102040816269e+00 2.540200318582050087e+00 8.879875366306463347e-01
2.106122448979591777e+00 2.801624996468217166e+00 8.649646938674835361e-01
2.124489795918367285e+00 2.722413280977997729e+00 7.977565301511239104e-01
2.142857142857142794e+00 2.998264631748865039e+00 8.302127239864645070e-01
2.161224489795918302e+00 3.511072135123947557e+00 7.734863221583310189e-01
2.179591836734693810e+00 3.243520538172409928e+00 6.536273787502210331e-01
2.197959183673469319e+00 4.190654397376819773e+00 6.180333864937005428e-01
2.216326530612244827e+00 1.871087164198366626e+00 7.257988418521637008e-01
2.234693877551020336e+00 2.725477773598567577e+00 7.218909748909483337e-01
2.253061224489795844e+00 3.352265664291197211e+00 6.843806411881854235e-01
2.271428571428571352e+00 3.504839186582581867e+00 7.396660297619747082e-01
2.289795918367346861e+00 4.180976753455361461e+00 6.774402351956306800e-01
2.308163265306122369e+00 3.820960822885278496e+00 7.939253431112431869e-01
2.326530612244897878e+00 4.237593799168309694e+00 8.682781716531470240e-01
2.344897959183673386e+00 3.783008333567982717e+00 5.365071618116696861e-01
2.363265306122448894e+00 3.094971076232713614e+00 6.999327568698813229e-01
2.381632653061224403e+00 3.496114680314106327e+00 6.829249707310713902e-01
2.399999999999999911e+00 4.896888910492841696e+00 8.280309497470528246e-01
