1.500000000000000000e+00 1.080226998569188579e+00 9.044948306535169902e-01
1.518367346938775508e+00 1.911535860583690738e+00 8.563302203103340116e-01
1.536734693877551017e+00 5.472028542735601908e-01 8.197042005379580054e-01
1.555102040816326525e+00 9.545152929323843516e-01 8.076262320675754447e-01
1.573469387755102034e+00 7.923295688240298285e-01 7.809858925520267725e-01
1.591836734693877542e+00 8.978566636178080262e-01 8.228440501234240978e-01
1.610204081632653050e+00 1.164720145599827061e+00 8.183013154192427807e-01
1.628571428571428559e+00 8.947665874509941331e-01 8.301825993570162154e-01
1.646938775510204067e+00 7.638206487721576066e-01 7.691955755027950481e-01
1.665306122448979576e+00 7.356897629251457627e-01 8.977643698370312286e-01
1.683673469387755084e+00 7.924413137375032612e-01 8.168661657986234781e-01
1.702040816326530592e+00 8.607252791754915755e-01 8.681797292592090542e-01
1.720408163265306101e+00 9.072099737114768248e-01 8.572510912101019009e-01
1.738775510204081609e+00 1.045680362140276598e+00 8.587374788172933426e-01
1.757142857142857117e+00 1.182550385502899370e+00 8.159312141000445440e-01
1.775510204081632626e+00 1.052482611921527589e+00 8.684635416695126731e-01
1.793877551020408134e+00 1.439516821051180617e+00 8.711946188543234770e-01
1.812244897959183643e+00 1.406862881163484680e+00 7.928882505548195958e-01
1.830612244897959151e+00 1.537158257431155972e+00 8.006050083194610201e-01
1.848979591836734659e+00 1.517986213411927965e+00 7.929983418841344278e-01
1.867346938775510168e+00 1.183732972135913109e+00 8.693319396153856848e-01
1.885714285714285676e+00 1.350551131073576272e+00 8.425704208499983361e-01
1.904081632653061185e+00 1.356691012547059039e+00 8.128306344567918229e-01
1.922448979591836693e+00 2.143856214066525379e+00 8.611986180560284865e-01
1.940816326530612201e+00 5.618944631538445034e-01 8.103732346699844546e-01
1.959183673469387710e+00 8.861547656253044858e-01 9.091657992483275219e-01
1.977551020408163218e+00 9.486169447717026637e-01 9.183082251482935776e-01
1.995918367346938727e+00 1.020607964534053114e+00 8.944006021443909882e-01
2.014285714285714235e+00 1.120781955008018693e+00 8.984900824010693121e-01
2.032653061224489743e+00 1.135835208254534878e+00 9.132370248875844032e-01
2.051020408163265252e+00 8.949390084033308490e-01 7.844006071591899110e-01
2.069387755102040760e+00 8.810997796962992679e-01 8.381189404888391703e-01
2.087755102040816269e+00 1.148087984834214481e+00 9.544326578024885377e-01
2.106122448979591777e+00 1.237230913970365664e+00 9.197765330236977732e-01
2.124489795918367285e+00 1.421774137675273275e+00 9.364380491570840626e-01
2.142857142857142794e+00 1.562295193445869312e+00 8.865912739525159125e-01
2.161224489795918302e+00 1.691251733945350111e+00 9.503616346560153083e-01
2.179591836734693810e+00 1.911583369620612594e+00 9.577469394907021094e-01
2.197959183673469319e+00 2.239975729884194244e+00 9.003514972209286649e-01
2.216326530612244827e+00 2.648281790011891346e+00 7.869309574440560562e-01
2.234693877551020336e+00 2.117797740707843435e+00 8.254213236886760452e-01
2.253061224489795844e+00 1.259618007637310466e+00 7.534576788933774472e-01
2.271428571428571352e+00 1.249494242620647233e+00 6.675662905514648804e-01
2.289795918367346861e+00 2.003662738006888766e+00 8.451160814999219006e-01
2.308163265306122369e+00 2.276134437016856804e+00 7.863449199332495088e-01
2.326530612244897878e+00 3.187539693764066762e+00 7.050266869590493535e-01
2.344897959183673386e+00 2.218362966206563591e+00 8.476500771912944820e-01
2.363265306122448894e+00 2.486271055228910232e+00 8.665090382604043739e-01
2.381632653061224403e+00 2.121205589421560678e+00 6.887796334177656021e-01
2.399999999999999911e+00 2.363458182895928683e+00 7.689935870801353213e-01
