1.500000000000000000e+00 2.567467366883129376e+00 6.253422504327124098e-01
1.518367346938775508e+00 2.063738946003379482e+00 6.262781010282493233e-01
1.536734693877551017e+00 2.031287664673225191e+00 8.372040850980113635e-01
1.555102040816326525e+00 2.166503910356066598e+00 9.290587495434277088e-01
1.573469387755102034e+00 2.278645834782380586e+00 9.617586195556060424e-01
1.591836734693877542e+00 2.367747975049491416e+00 9.709530251027681524e-01
1.610204081632653050e+00 2.435625195000054699e+00 9.677747628625044118e-01
1.628571428571428559e+00 2.433868469952304547e+00 8.743280482353147365e-01
1.646938775510204067e+00 2.490522165116296094e+00 8.904762097145380029e-01
1.665306122448979576e+00 2.542107747692014197e+00 9.019118338187516182e-01
1.683673469387755084e+00 2.595672073842012484e+00 8.997114304039877108e-01
1.702040816326530592e+00 2.669217766171568584e+00 9.025788437255337637e-01
1.720408163265306101e+00 2.721259148766248526e+00 8.818798293420270218e-01
1.738775510204081609e+00 2.770764500479347969e+00 8.714693662471404423e-01
1.757142857142857117e+00 2.773169003837006930e+00 9.480105724588689942e-01
1.775510204081632626e+00 2.940144470039491420e+00 9.556426200016467920e-01
1.793877551020408134e+00 3.045589659394983606e+00 9.253985038503564908e-01
1.812244897959183643e+00 3.138608437741396529e+00 9.096618448320560324e-01
1.830612244897959151e+00 3.234492885187740363e+00 8.989226496947138045e-01
1.848979591836734659e+00 3.337134026393585362e+00 8.843370998717121623e-01
1.867346938775510168e+00 3.446541956986577837e+00 8.745435876043052836e-01
1.885714285714285676e+00 3.575033405758945459e+00 8.718181009797816294e-01
1.904081632653061185e+00 3.735116927623864491e+00 8.598087138375617444e-01
1.922448979591836693e+00 3.899237495051754543e+00 8.124783402424298195e-01
1.940816326530612201e+00 4.081347729891856346e+00 7.826947849464498397e-01
1.959183673469387710e+00 4.255528215325206531e+00 7.451788406299898471e-01
1.977551020408163218e+00 4.388340981566656751e+00 7.220531234804860032e-01
1.995918367346938727e+00 4.640448226786682007e+00 7.876557971664071012e-01
2.014285714285714235e+00 5.071204815040532665e+00 8.452565072878533980e-01
2.032653061224489743e+00 5.587754596466739443e+00 8.030832223846602336e-01
2.051020408163265252e+00 6.307890596558699770e+00 7.921948886462719663e-01
2.069387755102040760e+00 7.165197942192722103e+00 7.857118164004067706e-01
2.087755102040816269e+00 8.286627209733543609e+00 7.785015819195695297e-01
2.106122448979591777e+00 8.654045447268075009e+00 7.552744727951672399e-01
2.124489795918367285e+00 8.806303171442506184e+00 7.267266547582647007e-01
2.142857142857142794e+00 9.008937753672100257e+00 7.146177284228573123e-01
2.161224489795918302e+00 8.199482599817187634e+00 7.476887419880212660e-01
2.179591836734693810e+00 9.406655012306682551e+00 7.913480424738058572e-01
2.197959183673469319e+00 9.889800750605033386e+00 7.100619473481878385e-01
2.216326530612244827e+00 1.029161879335939567e+01 7.930658752112643706e-01
2.234693877551020336e+00 1.066865353603899358e+01 8.892640618612749348e-01
2.253061224489795844e+00 1.100965611664790522e+01 9.198438707722602636e-01
2.271428571428571352e+00 1.132472277720978582e+01 9.175598566805831524e-01
2.289795918367346861e+00 1.158509132494390670e+01 9.155700920861236103e-01
2.308163265306122369e+00 1.189223996794864391e+01 9.407586719921299245e-01
2.326530612244897878e+00 1.222509758484969566e+01 9.368964763680169838e-01
2.344897959183673386e+00 1.246280960890523737e+01 9.177858034878366711e-01
2.363265306122448894e+00 1.275696015121652316e+01 9.142210395949382784e-01
2.381632653061224403e+00 1.297087199683599934e+01 8.800786395458590761e-01
2.399999999999999911e+00 1.311017119989647739e+01 8.470585623736518466e-01
