1.500000000000000000e+00 -2.560167210863440790e+00 7.610058149309711917e-01
1.518367346938775508e+00 -1.844889275518829530e+00 8.635113166559431619e-01
1.536734693877551017e+00 -1.146805355573982776e+00 8.676109360801621539e-01
1.555102040816326525e+00 -4.922774805333463566e-01 8.672338935349463984e-01
1.573469387755102034e+00 1.110806529272889975e-01 8.904204255070753415e-01
1.591836734693877542e+00 6.217559202739773028e-01 9.237139452639712145e-01
1.610204081632653050e+00 1.100301409227375293e+00 9.332331328009834115e-01
1.628571428571428559e+00 1.681379407710770213e+00 9.668592350714066974e-01
1.646938775510204067e+00 1.923587178921870144e+00 9.494910764773879519e-01
1.665306122448979576e+00 2.195127761343327766e+00 9.177075311294167204e-01
1.683673469387755084e+00 2.524429484357541220e+00 9.368657313748731674e-01
1.702040816326530592e+00 3.087582390373128316e+00 8.428394860225179031e-01
1.720408163265306101e+00 4.200353319890936632e+00 8.885111964025956821e-01
1.738775510204081609e+00 6.601250751327069288e+00 7.117754530728294116e-01
1.757142857142857117e+00 7.396417552730357059e+00 6.464951161984880956e-01
1.775510204081632626e+00 5.661859690047132077e+00 4.385980006886772697e-01
1.793877551020408134e+00 6.898143625714769023e+00 7.936006444657155434e-01
1.812244897959183643e+00 7.544082539270720034e+00 8.559054578622724563e-01
1.830612244897959151e+00 7.625543240626002195e+00 7.877063942352336978e-01
1.848979591836734659e+00 7.903077266917993171e+00 8.884644599849179647e-01
1.867346938775510168e+00 8.070435136601364690e+00 7.864780619038417298e-01
1.885714285714285676e+00 8.205676109501673920e+00 8.154907800019778330e-01
1.904081632653061185e+00 8.391150513083125873e+00 8.067036314128041008e-01
1.922448979591836693e+00 8.762927507040858544e+00 6.964264549346614874e-01
1.940816326530612201e+00 7.997432014609161754e+00 8.161564385099097096e-01
1.959183673469387710e+00 8.163822574292218803e+00 8.652557895587061898e-01
1.977551020408163218e+00 8.433571123205107156e+00 8.668802752940820699e-01
1.995918367346938727e+00 8.656234895879139302e+00 8.036700231434057429e-01
2.014285714285714235e+00 8.693069595473041034e+00 7.992520523164533541e-01
2.032653061224489743e+00 8.761709317054851454e+00 8.577347592690524047e-01
2.051020408163265252e+00 9.007617529125013789e+00 7.871164301599152813e-01
2.069387755102040760e+00 9.170678565483898481e+00 5.950999164146067999e-01
2.087755102040816269e+00 8.872400624669314340e+00 6.444448908410193022e-01
2.106122448979591777e+00 8.661367175841746757e+00 6.744903509728288338e-01
2.124489795918367285e+00 8.981650069975973594e+00 7.868768578310740835e-01
2.142857142857142794e+00 9.734072071438546914e+00 6.630759261457261911e-01
2.161224489795918302e+00 8.041607518711685998e+00 6.053959299821580764e-01
2.179591836734693810e+00 9.750175777835059066e+00 3.310242446799284699e-01
2.197959183673469319e+00 8.209664009776449944e+00 7.413022248912626289e-01
2.216326530612244827e+00 8.661440746729482498e+00 5.801876790618964996e-01
2.234693877551020336e+00 8.572970680690922052e+00 8.039936605970209316e-01
2.253061224489795844e+00 8.304587791906973493e+00 8.388453598310467996e-01
2.271428571428571352e+00 7.585646753786789986e+00 8.261076767795919595e-01
2.289795918367346861e+00 8.350743633076563199e+00 7.894041059677432415e-01
2.308163265306122369e+00 8.036255990377537017e+00 8.628660219917223539e-01
2.326530612244897878e+00 7.933409748317581389e+00 8.701744932220760731e-01
2.344897959183673386e+00 7.931363946715935143e+00 8.743306220862100409e-01
2.363265306122448894e+00 8.098324660854064660e+00 7.952621591099512388e-01
2.381632653061224403e+00 8.331455866711710456e+00 8.303630493407078150e-01
2.399999999999999911e+00 8.568948681578859805e+00 8.342860367676219191e-01
