1.500000000000000000e+00 2.740757110066390112e+00 8.599302974270022215e-01
1.518367346938775508e+00 2.831173813962146291e+00 8.232054456642049489e-01
1.536734693877551017e+00 2.924114965109073427e+00 7.782590772105978383e-01
1.555102040816326525e+00 3.002193277046972586e+00 7.179485617806508069e-01
1.573469387755102034e+00 2.995643977807755043e+00 6.724288755922160910e-01
1.591836734693877542e+00 2.683780343491201315e+00 6.579563067735251236e-01
1.610204081632653050e+00 2.317846888112686354e+00 7.315585928753551848e-01
1.628571428571428559e+00 2.466140511875503982e+00 7.467218922076745979e-01
1.646938775510204067e+00 2.610662515346212853e+00 7.880419023150218027e-01
1.665306122448979576e+00 2.748987643893339605e+00 8.994554198382304078e-01
1.683673469387755084e+00 2.910781961836368836e+00 8.916493897426454041e-01
1.702040816326530592e+00 3.080612131549470778e+00 9.121819204704367801e-01
1.720408163265306101e+00 3.237345867484444639e+00 9.093328223982942715e-01
1.738775510204081609e+00 3.407351801123841284e+00 9.170955383592637178e-01
1.757142857142857117e+00 3.602240363518354638e+00 8.181306459606432213e-01
1.775510204081632626e+00 3.772822627846700527e+00 8.019506834112315463e-01
1.793877551020408134e+00 3.948712231117689431e+00 8.337547428327463095e-01
1.812244897959183643e+00 4.151963139567787842e+00 7.522749415939046225e-01
1.830612244897959151e+00 3.565075728007234268e+00 5.160692119332980221e-01
1.848979591836734659e+00 3.813119735346486294e+00 6.390203914497348814e-01
1.867346938775510168e+00 4.161842514521349123e+00 7.066009797813346260e-01
1.885714285714285676e+00 4.027520663508821208e+00 7.097660309947745327e-01
1.904081632653061185e+00 4.796428193273243323e+00 9.700325960810791681e-01
1.922448979591836693e+00 4.851853560162835421e+00 8.574547858216005070e-01
1.940816326530612201e+00 5.450357992670809004e+00 9.238969855669105780e-01
1.959183673469387710e+00 5.884194480828496054e+00 8.367241396410787235e-01
1.977551020408163218e+00 6.899372716695343577e+00 6.429587421742503084e-01
1.995918367346938727e+00 7.527610951704002851e+00 7.066686661465647612e-01
2.014285714285714235e+00 7.953345132251758542e+00 7.076565613424405932e-01
2.032653061224489743e+00 8.574702489106512004e+00 7.571241725480439833e-01
2.051020408163265252e+00 9.119623974830137314e+00 6.849894853904675562e-01
2.069387755102040760e+00 9.754220387806538994e+00 6.146196390209464067e-01
2.087755102040816269e+00 1.008770689464607351e+01 5.805883972761348710e-01
2.106122448979591777e+00 1.038466562010070859e+01 5.690970109203159488e-01
2.124489795918367285e+00 1.061267538242268138e+01 5.947282873301862338e-01
2.142857142857142794e+00 1.088645032851318817e+01 6.509723458977045851e-01
2.161224489795918302e+00 1.143518237217495681e+01 5.993873018546276299e-01
2.179591836734693810e+00 1.168623607734420311e+01 7.603243073799035301e-01
2.197959183673469319e+00 1.223563615159567242e+01 9.260030974823202365e-01
2.216326530612244827e+00 1.261089414283547860e+01 9.346379056939191354e-01
2.234693877551020336e+00 1.301392027030802900e+01 8.801556362628416563e-01
2.253061224489795844e+00 1.178614132521508040e+01 7.981123763439254004e-01
2.271428571428571352e+00 1.272989158243384544e+01 7.611328647251514035e-01
2.289795918367346861e+00 1.294989609609454106e+01 5.689548203407774896e-01
2.308163265306122369e+00 1.386438081699712654e+01 3.912838784075572396e-01
2.326530612244897878e+00 1.301130221740605641e+01 6.091384630459206750e-01
2.344897959183673386e+00 1.336154403999763929e+01 6.964487192604326138e-01
2.363265306122448894e+00 1.340695446406313174e+01 8.026542387261828004e-01
2.381632653061224403e+00 1.390674730646850854e+01 8.324365635940568220e-01
2.399999999999999911e+00 1.432530343207060852e+01 7.760533488637654242e-01
