1.500000000000000000e+00 1.267274741755183953e+00 9.338809498759133021e-01
1.518367346938775508e+00 1.428708584105722990e+00 8.355169297323206123e-01
1.536734693877551017e+00 1.720003836517388418e+00 8.102256357348909255e-01
1.555102040816326525e+00 2.056748230609525052e+00 6.938105167711985377e-01
1.573469387755102034e+00 2.251611472605691500e+00 6.299336162480647650e-01
1.591836734693877542e+00 2.093891974502097408e+00 7.046952732574237599e-01
1.610204081632653050e+00 1.942062625674117360e+00 8.354085711253391722e-01
1.628571428571428559e+00 2.182077426830468792e+00 9.429750823545917093e-01
1.646938775510204067e+00 2.729252149274739025e+00 9.803802633911311570e-01
1.665306122448979576e+00 3.567745140960560501e+00 8.255684606445693463e-01
1.683673469387755084e+00 4.519068708037266013e+00 6.905979762188595439e-01
1.702040816326530592e+00 5.459150320706188886e+00 9.183442402160257867e-01
1.720408163265306101e+00 5.896537146451784395e+00 9.658321897342929674e-01
1.738775510204081609e+00 5.979367480265032953e+00 9.796055066611857320e-01
1.757142857142857117e+00 6.211116979456595466e+00 9.387289161259427805e-01
1.775510204081632626e+00 7.001323398846401425e+00 9.953987991199202412e-01
1.793877551020408134e+00 7.557971405266761700e+00 9.819220664831910250e-01
1.812244897959183643e+00 8.084538410806946018e+00 8.446599720701207792e-01
1.830612244897959151e+00 7.880480250761356942e+00 8.450842152934557872e-01
1.848979591836734659e+00 8.758950957670281312e+00 9.438093008800628736e-01
1.867346938775510168e+00 9.557431122556813818e+00 9.596350448260762001e-01
1.885714285714285676e+00 1.048895326857232035e+01 8.327140153801597666e-01
1.904081632653061185e+00 1.087849699625393995e+01 3.542431852737758513e-01
1.922448979591836693e+00 1.158885991118906134e+01 7.691965118917337696e-01
1.940816326530612201e+00 1.162459462486607364e+01 8.177218934059078403e-01
1.959183673469387710e+00 1.195395432567814886e+01 8.076055800572456977e-01
1.977551020408163218e+00 1.222370861841465484e+01 7.766121335087772248e-01
1.995918367346938727e+00 1.262644092147630559e+01 7.270692496557322748e-01
2.014285714285714235e+00 1.275649673338062584e+01 8.214954712646742596e-01
2.032653061224489743e+00 1.284952543794199187e+01 8.026772405078144157e-01
2.051020408163265252e+00 1.239349241751362563e+01 8.328914029770034810e-01
2.069387755102040760e+00 1.278968265982802777e+01 8.283580946574833348e-01
2.087755102040816269e+00 1.324138358114331382e+01 7.065588050507733975e-01
2.106122448979591777e+00 1.388453947521260901e+01 7.299600978183981015e-01
2.124489795918367285e+00 1.241802863487209940e+01 8.328004759956380010e-01
2.142857142857142794e+00 1.320565277328279485e+01 9.113593681303114868e-01
2.161224489795918302e+00 1.351884974985440913e+01 8.385297679178471686e-01
2.179591836734693810e+00 1.363504759532924560e+01 7.328040938840919560e-01
2.197959183673469319e+00 1.371250476463217893e+01 5.766662119285429489e-01
2.216326530612244827e+00 1.356329696148261199e+01 5.861840166031027088e-01
2.234693877551020336e+00 1.365319037537029701e+01 5.879918582266300264e-01
2.253061224489795844e+00 1.404711586148753000e+01 2.170494321791098802e-01
2.271428571428571352e+00 1.392508696968200788e+01 5.089925277256832636e-01
2.289795918367346861e+00 1.458742838868627700e+01 8.384365430064253388e-01
2.308163265306122369e+00 1.488422995510219060e+01 8.610972910156966531e-01
2.326530612244897878e+00 1.517472428714177468e+01 8.884733384100861331e-01
2.344897959183673386e+00 1.561806198840541171e+01 9.067520815421978853e-01
2.363265306122448894e+00 1.655405021522918929e+01 9.087618881750442190e-01
2.381632653061224403e+00 1.520886603082624688e+01 8.145624833156371869e-01
2.399999999999999911e+00 1.638038685713327780e+01 8.919573529637561116e-01
