1.500000000000000000e+00 1.907631973644758450e+00 9.126528328880687546e-01
1.518367346938775508e+00 2.037751693629174632e+00 8.714797529722821956e-01
1.536734693877551017e+00 1.265003934695894561e+00 8.739312636734485329e-01
1.555102040816326525e+00 1.168401076567683328e+00 8.534136860269253555e-01
1.573469387755102034e+00 1.219383825958717305e+00 7.511258294037015393e-01
1.591836734693877542e+00 1.488212395557190204e+00 8.360288889154436909e-01
1.610204081632653050e+00 1.585144509500896026e+00 8.591998595744567702e-01
1.628571428571428559e+00 1.606284546184652440e+00 8.550638178593192862e-01
1.646938775510204067e+00 1.590355250668916476e+00 8.824719171236347082e-01
1.665306122448979576e+00 1.647532611924121149e+00 9.519945524814997784e-01
1.683673469387755084e+00 1.540483354093259427e+00 8.374289785418848053e-01
1.702040816326530592e+00 1.682389765705239348e+00 8.385632794214296082e-01
1.720408163265306101e+00 1.709054795937306137e+00 8.444059616868820894e-01
1.738775510204081609e+00 1.789772919235685711e+00 8.345770977212678687e-01
1.757142857142857117e+00 1.940842013655753817e+00 7.673028793073861653e-01
1.775510204081632626e+00 1.662572916472642381e+00 9.078453984625534101e-01
1.793877551020408134e+00 2.010610658159067921e+00 8.910859946393546727e-01
1.812244897959183643e+00 2.048454554923191839e+00 8.232449267470263177e-01
1.830612244897959151e+00 2.129864135290120419e+00 8.552564426000121012e-01
1.848979591836734659e+00 2.014618464185522040e+00 6.783994437240167263e-01
1.867346938775510168e+00 1.842715898001415775e+00 8.087859466815330300e-01
1.885714285714285676e+00 2.018206533656376589e+00 8.673948783041299793e-01
1.904081632653061185e+00 2.131214114014344574e+00 8.457529991072026965e-01
1.922448979591836693e+00 3.264002203018464332e+00 8.196570796546914783e-01
1.940816326530612201e+00 1.405139550562070960e+00 8.193091108754888552e-01
1.959183673469387710e+00 1.767488741472419189e+00 8.634590523547144292e-01
1.977551020408163218e+00 1.756271800980051756e+00 9.219819407280062107e-01
1.995918367346938727e+00 1.687844452615623547e+00 8.721928282990878412e-01
2.014285714285714235e+00 1.828749587080903405e+00 9.432664056515868145e-01
2.032653061224489743e+00 1.889745386973531893e+00 9.346409718356994967e-01
2.051020408163265252e+00 1.737760912349488374e+00 9.151046582305896182e-01
2.069387755102040760e+00 1.552991564239914135e+00 8.522289704304588653e-01
2.087755102040816269e+00 1.773909451134744630e+00 9.656107041114980749e-01
2.106122448979591777e+00 1.900299434837640300e+00 9.557520561913193102e-01
2.124489795918367285e+00 2.114054715995423273e+00 9.130172262552085360e-01
2.142857142857142794e+00 2.132890721907851006e+00 8.779637203508504628e-01
2.161224489795918302e+00 2.294574346896435912e+00 9.542585918253930766e-01
2.179591836734693810e+00 2.559027947750071696e+00 9.367945007232418853e-01
2.197959183673469319e+00 2.810160551356693404e+00 8.190271827587608522e-01
2.216326530612244827e+00 3.245701326264612607e+00 7.948275823545084551e-01
2.234693877551020336e+00 2.995906051324741526e+00 7.604368842865703026e-01
2.253061224489795844e+00 1.780281087280476182e+00 7.494514278324647671e-01
2.271428571428571352e+00 2.002686072845970333e+00 6.460124668408517845e-01
2.289795918367346861e+00 2.740104920201989369e+00 8.381655548873203632e-01
2.308163265306122369e+00 2.779550466040598966e+00 7.950181597340724160e-01
2.326530612244897878e+00 3.710035955041770084e+00 6.945529631221972755e-01
2.344897959183673386e+00 3.441108425085811273e+00 7.776178463018200704e-01
2.363265306122448894e+00 2.624771675400942694e+00 7.631679614277541157e-01
2.381632653061224403e+00 2.774692174039464998e+00 7.067748575431338498e-01
2.399999999999999911e+00 3.073585753072440863e+00 8.572975741386718029e-01
