1.500000000000000000e+00 2.123305033999226321e+00 9.541287554039674657e-01
1.518367346938775508e+00 2.249983498536829440e+00 9.441643998594396736e-01
1.536734693877551017e+00 2.387146621874118413e+00 9.300185939202398888e-01
1.555102040816326525e+00 2.631934255164499969e+00 9.353506357574793428e-01
1.573469387755102034e+00 2.787731809946912165e+00 9.083044521711178820e-01
1.591836734693877542e+00 3.024506093045559840e+00 8.862368312262738357e-01
1.610204081632653050e+00 3.356154477607764530e+00 8.978866772807833074e-01
1.628571428571428559e+00 4.203253288748429739e+00 8.133074141000624646e-01
1.646938775510204067e+00 4.946739898963169679e+00 8.429458448654995051e-01
1.665306122448979576e+00 5.667475441201508701e+00 8.619248542825918014e-01
1.683673469387755084e+00 6.135088715700441675e+00 8.813772323448776369e-01
1.702040816326530592e+00 6.497385108615213234e+00 9.307612809652456853e-01
1.720408163265306101e+00 7.029300433681361149e+00 9.037653004019186032e-01
1.738775510204081609e+00 7.785404485108532668e+00 7.818541687335794910e-01
1.757142857142857117e+00 7.489748878891591133e+00 7.829299851098728835e-01
1.775510204081632626e+00 7.809485122602040086e+00 8.200853694076143396e-01
1.793877551020408134e+00 8.460581522449587055e+00 8.192506063112303671e-01
1.812244897959183643e+00 9.516227189769036698e+00 7.700042096189870788e-01
1.830612244897959151e+00 9.945377918704894071e+00 6.000302907254997375e-01
1.848979591836734659e+00 1.150674936098550205e+01 4.918157484761835341e-01
1.867346938775510168e+00 1.149244412681973948e+01 5.948724294642182553e-01
1.885714285714285676e+00 1.200012922467518095e+01 7.275547097536138041e-01
1.904081632653061185e+00 1.249310407988798310e+01 8.175524203264761258e-01
1.922448979591836693e+00 1.278535921840031619e+01 8.228826406494841317e-01
1.940816326530612201e+00 1.317491723079744581e+01 8.487388156747923684e-01
1.959183673469387710e+00 1.374586546281780208e+01 8.922381867230297914e-01
1.977551020408163218e+00 1.298873847699183059e+01 8.033050069224323408e-01
1.995918367346938727e+00 1.318820319756932413e+01 7.474536670757075951e-01
2.014285714285714235e+00 1.340442580472200262e+01 6.403906813476646365e-01
2.032653061224489743e+00 1.353024986572911637e+01 7.483136910593848334e-01
2.051020408163265252e+00 1.209412622573478657e+01 3.321756794049054440e-01
2.069387755102040760e+00 1.314115527734444733e+01 8.505749264804098875e-01
2.087755102040816269e+00 1.331102645363439230e+01 9.254508028950098053e-01
2.106122448979591777e+00 1.346461688375406673e+01 7.881867086971083847e-01
2.124489795918367285e+00 1.350451876121578287e+01 8.464897087960742139e-01
2.142857142857142794e+00 1.348058344975772194e+01 6.805751521166012452e-01
2.161224489795918302e+00 1.383922457161918906e+01 8.030685983989304111e-01
2.179591836734693810e+00 1.384768246984915763e+01 8.255524597943066922e-01
2.197959183673469319e+00 1.425097049422521067e+01 8.090530862541953638e-01
2.216326530612244827e+00 1.553425780188911531e+01 7.969465361624707977e-01
2.234693877551020336e+00 1.393644168165779007e+01 8.100242501434378184e-01
2.253061224489795844e+00 1.406276680930382206e+01 7.846268566701559699e-01
2.271428571428571352e+00 1.384784935957933882e+01 7.805889414772873014e-01
2.289795918367346861e+00 1.326302162406412322e+01 6.025364506671238018e-01
2.308163265306122369e+00 1.453587127574106219e+01 8.846993208280684584e-01
2.326530612244897878e+00 1.683328037824022161e+01 5.465834200275277999e-01
2.344897959183673386e+00 1.842310325422002393e+01 7.343403264768255667e-01
2.363265306122448894e+00 1.856252586190815634e+01 7.218247809762237122e-01
2.381632653061224403e+00 1.890116043213807373e+01 6.394139296056028376e-01
2.399999999999999911e+00 1.950829474064507707e+01 6.634087036849113383e-01
