1.500000000000000000e+00 -2.706393066058634833e+00 9.064276804875607274e-01
1.518367346938775508e+00 -2.913678525083063686e+00 8.885759748382515699e-01
1.536734693877551017e+00 -2.931878314430985899e+00 9.206446938951471370e-01
1.555102040816326525e+00 -2.801558778902271563e+00 9.189987913782529105e-01
1.573469387755102034e+00 -2.712048538688573984e+00 9.217464910392284549e-01
1.591836734693877542e+00 -2.551187291824451808e+00 9.252198632245317578e-01
1.610204081632653050e+00 -2.383245305703121097e+00 9.501959540828682771e-01
1.628571428571428559e+00 -2.186695481352786796e+00 9.319361478665723064e-01
1.646938775510204067e+00 -2.002389722256647797e+00 8.629599931185277795e-01
1.665306122448979576e+00 -2.004577955111262355e+00 6.822431909941865102e-01
1.683673469387755084e+00 -2.106690141558208218e+00 6.886691268884904682e-01
1.702040816326530592e+00 -1.972913476928846777e+00 7.616987124688886501e-01
1.720408163265306101e+00 -1.758743406885918681e+00 7.652180413372789980e-01
1.738775510204081609e+00 -1.534263954995879864e+00 7.234324163097154425e-01
1.757142857142857117e+00 -1.462794324190765050e+00 5.920441371202462832e-01
1.775510204081632626e+00 -1.450659035509111794e+00 7.745620415646986556e-01
1.793877551020408134e+00 -9.163947730156749572e-01 8.580844124928044270e-01
1.812244897959183643e+00 -4.159759644687577307e-01 8.598459148453991840e-01
1.830612244897959151e+00 5.142188947386089337e-02 8.444951829520188635e-01
1.848979591836734659e+00 5.422952988860799683e-01 8.358856853358782590e-01
1.867346938775510168e+00 1.062187476130445285e+00 8.185594046255877387e-01
1.885714285714285676e+00 1.446881376901083538e+00 7.671364632671300310e-01
1.904081632653061185e+00 1.851354923276058884e+00 8.356129294363856541e-01
1.922448979591836693e+00 2.573951439414247755e+00 9.253045442496748985e-01
1.940816326530612201e+00 3.595531710459144215e+00 8.162975038602022781e-01
1.959183673469387710e+00 4.586387272902602064e+00 6.574373675450130294e-01
1.977551020408163218e+00 5.296747204465441783e+00 6.267133165122300564e-01
1.995918367346938727e+00 4.324232085947864235e+00 7.107021274737714833e-01
2.014285714285714235e+00 4.324636037463392313e+00 7.524461793166902224e-01
2.032653061224489743e+00 4.740764332752974042e+00 7.711453887846495547e-01
2.051020408163265252e+00 5.341612681140119001e+00 7.701956135701933936e-01
2.069387755102040760e+00 6.308462749555423521e+00 6.614763876385352237e-01
2.087755102040816269e+00 6.992054432029561895e+00 4.305849272348000745e-01
2.106122448979591777e+00 6.728062392049183771e+00 6.206073287591191701e-01
2.124489795918367285e+00 7.366636510015243111e+00 8.314722870253468123e-01
2.142857142857142794e+00 7.726758496037175128e+00 9.054278133460801348e-01
2.161224489795918302e+00 7.901768049425758278e+00 8.325743035004262715e-01
2.179591836734693810e+00 8.196232871994357794e+00 8.604059091832683137e-01
2.197959183673469319e+00 8.449679946179786683e+00 9.057741469397408984e-01
2.216326530612244827e+00 8.587542258173550991e+00 9.170536208604833650e-01
2.234693877551020336e+00 8.716392430128689028e+00 9.135208199512695471e-01
2.253061224489795844e+00 8.792196041078303992e+00 8.770304142612705967e-01
2.271428571428571352e+00 8.573330372672806732e+00 7.977120693738988244e-01
2.289795918367346861e+00 8.948029515596010341e+00 9.055090811821969732e-01
2.308163265306122369e+00 9.874888464813876610e+00 5.986310555704285052e-01
2.326530612244897878e+00 9.025457729305873755e+00 6.077347542895843446e-01
2.344897959183673386e+00 8.948025920744642647e+00 6.904649745861400900e-01
2.363265306122448894e+00 9.278168195865973189e+00 7.591927608962332208e-01
2.381632653061224403e+00 9.419562847193319044e+00 7.460404593301901421e-01
2.399999999999999911e+00 9.844421476796156867e+00 8.644804944827796378e-01
