1.500000000000000000e+00 -1.042296348236299686e+00 7.453080298256528069e-01
1.518367346938775508e+00 -1.122076255564443015e+00 6.731783292671773555e-01
1.536734693877551017e+00 -1.166858471086667404e+00 8.630020912835727476e-01
1.555102040816326525e+00 -1.050831430255608989e+00 8.981680137039984579e-01
1.573469387755102034e+00 -8.762574159713750754e-01 9.439887289127546488e-01
1.591836734693877542e+00 -6.898127340272426355e-01 9.538361347008919022e-01
1.610204081632653050e+00 -4.640766512291156776e-01 9.334912227891579706e-01
1.628571428571428559e+00 -1.824386692815695710e-01 8.987322992277843037e-01
1.646938775510204067e+00 3.090384696676331533e-01 9.069208606946995710e-01
1.665306122448979576e+00 5.427424378604589483e-01 6.790866558917678653e-01
1.683673469387755084e+00 6.871609175700231775e-01 6.422707226309712913e-01
1.702040816326530592e+00 6.087055654450763686e-01 6.505761086388284209e-01
1.720408163265306101e+00 1.038962955566039792e+00 6.917929882029560940e-01
1.738775510204081609e+00 1.660624879129136033e+00 7.604651254268581795e-01
1.757142857142857117e+00 2.108550239532337445e-01 8.929734025634555872e-01
1.775510204081632626e+00 2.729415818355440226e+00 7.445749462298256738e-01
1.793877551020408134e+00 3.507426367546437440e+00 6.777374292770685926e-01
1.812244897959183643e+00 4.216535378086366137e+00 8.053641327076550560e-01
1.830612244897959151e+00 4.634135252149533812e+00 7.449595607977376188e-01
1.848979591836734659e+00 4.746172862624539412e+00 8.405140903627338345e-01
1.867346938775510168e+00 5.136784483531953605e+00 8.204581008408355913e-01
1.885714285714285676e+00 5.563906586372002749e+00 8.292098472101833151e-01
1.904081632653061185e+00 7.115233034165910020e+00 6.309598290772827633e-01
1.922448979591836693e+00 7.660631217578269592e+00 6.566336057716156693e-01
1.940816326530612201e+00 8.586853293647113361e+00 6.902958309595579323e-01
1.959183673469387710e+00 8.728193586622438715e+00 7.457746484079638138e-01
1.977551020408163218e+00 9.115533420266578091e+00 7.638582964465802094e-01
1.995918367346938727e+00 9.235692921501696517e+00 7.717142076172297527e-01
2.014285714285714235e+00 9.606040129197268129e+00 7.734848994590972637e-01
2.032653061224489743e+00 1.051390295211837511e+01 8.435385796727822294e-01
2.051020408163265252e+00 1.105044048990250793e+01 6.856849994625360267e-01
2.069387755102040760e+00 1.042851886001884765e+01 7.120174167126054332e-01
2.087755102040816269e+00 1.074040365599711500e+01 6.881102384211517098e-01
2.106122448979591777e+00 1.066980263219886993e+01 5.924003020920113327e-01
2.124489795918367285e+00 1.144415887386950637e+01 9.534338298775653087e-01
2.142857142857142794e+00 1.108261575211325756e+01 7.275682804357054279e-01
2.161224489795918302e+00 1.089125699474847231e+01 7.005496223603345785e-01
2.179591836734693810e+00 1.087785004800300825e+01 6.570943623911496001e-01
2.197959183673469319e+00 1.066445957473221817e+01 6.572107235751863952e-01
2.216326530612244827e+00 1.056962646904528214e+01 5.361594950870924858e-01
2.234693877551020336e+00 1.085591119315080277e+01 5.747909896884799696e-01
2.253061224489795844e+00 1.111976178499445567e+01 5.539861795065138539e-01
2.271428571428571352e+00 1.118169891666644133e+01 7.796546810244795456e-01
2.289795918367346861e+00 1.177328650024908008e+01 8.669485719853773364e-01
2.308163265306122369e+00 1.240365902743071658e+01 9.034884585776963295e-01
2.326530612244897878e+00 1.266926690443118986e+01 7.939694953884758322e-01
2.344897959183673386e+00 1.201386745134595557e+01 6.388767680685206729e-01
2.363265306122448894e+00 1.232878268228472862e+01 5.289916751552440344e-01
2.381632653061224403e+00 1.288959199641964304e+01 8.035099837356207697e-01
2.399999999999999911e+00 1.265950032316569818e+01 7.576491920425454385e-01
