1.500000000000000000e+00 2.875853032890028693e+00 5.878343051062517866e-01
1.518367346938775508e+00 1.937017447695734251e+00 8.635003489141322985e-01
1.536734693877551017e+00 2.655370841854954200e+00 8.917820129353938308e-01
1.555102040816326525e+00 3.055827617657559170e+00 9.004645232939432198e-01
1.573469387755102034e+00 3.413084623934891759e+00 9.495719919770974071e-01
1.591836734693877542e+00 3.806603988065362820e+00 9.673089720898302435e-01
1.610204081632653050e+00 4.190979582203840259e+00 7.939642121021698307e-01
1.628571428571428559e+00 4.690224278892174858e+00 9.465886680320343416e-01
1.646938775510204067e+00 3.627735244248569746e+00 6.257936285077269067e-01
1.665306122448979576e+00 4.159725785884392124e+00 5.242375998097872358e-01
1.683673469387755084e+00 3.051640933251408949e+00 6.239599670598022785e-01
1.702040816326530592e+00 2.153763079054338281e+00 4.571280755461472056e-01
1.720408163265306101e+00 2.793340589590589396e+00 7.489133047773404162e-01
1.738775510204081609e+00 3.193245129404829186e+00 7.962946753855771886e-01
1.757142857142857117e+00 3.175266055571592361e+00 7.668875225987015209e-01
1.775510204081632626e+00 3.525833379195146833e+00 9.823858827103275626e-01
1.793877551020408134e+00 3.875110019559354413e+00 9.680830336529918645e-01
1.812244897959183643e+00 3.769338834586373643e+00 7.534360345639599110e-01
1.830612244897959151e+00 3.124464375064870403e+00 4.935715752139796519e-01
1.848979591836734659e+00 3.582051670993286585e+00 8.511405191320481345e-01
1.867346938775510168e+00 3.759716544759364787e+00 8.692556314114405769e-01
1.885714285714285676e+00 3.915778176965813095e+00 8.290433308444851157e-01
1.904081632653061185e+00 3.899085893556240023e+00 8.823475091163706097e-01
1.922448979591836693e+00 3.993521585726562240e+00 9.241718050953440233e-01
1.940816326530612201e+00 4.122448906329955420e+00 9.058467937501407663e-01
1.959183673469387710e+00 4.276384830290671957e+00 8.791452007898987731e-01
1.977551020408163218e+00 4.071367364150510149e+00 7.431034933467097758e-01
1.995918367346938727e+00 4.276837557872790185e+00 8.057414945632935810e-01
2.014285714285714235e+00 4.539103460870102857e+00 8.063313613763941623e-01
2.032653061224489743e+00 4.765267087318868278e+00 4.598801216281949156e-01
2.051020408163265252e+00 4.270053510611008463e+00 6.886312319620548905e-01
2.069387755102040760e+00 4.983584072635975915e+00 4.426454169006239225e-01
2.087755102040816269e+00 4.355537218637687502e+00 7.176118989377314739e-01
2.106122448979591777e+00 4.715846137845110420e+00 6.875325934275037243e-01
2.124489795918367285e+00 3.559258740390405240e+00 7.365424596418883585e-01
2.142857142857142794e+00 4.289528153239364983e+00 8.390140735466542488e-01
2.161224489795918302e+00 3.260260377449327063e+00 6.781606796244663560e-01
2.179591836734693810e+00 3.950587102794499650e+00 7.922198098431777469e-01
2.197959183673469319e+00 3.835638685235034817e+00 7.652994496204279518e-01
2.216326530612244827e+00 3.663640308048171423e+00 7.465460808978692242e-01
2.234693877551020336e+00 3.707943435885914241e+00 7.921118973812791841e-01
2.253061224489795844e+00 3.677321135488317072e+00 8.371360851915443657e-01
2.271428571428571352e+00 3.874322043720503927e+00 7.175676701649962297e-01
2.289795918367346861e+00 3.568358873587670566e+00 5.061776901617001112e-01
2.308163265306122369e+00 3.917436570340902868e+00 8.143827651909925081e-01
2.326530612244897878e+00 4.115359729086194740e+00 8.396370741874773502e-01
2.344897959183673386e+00 4.335505298798262963e+00 8.618797681498329144e-01
2.363265306122448894e+00 4.555551688601684468e+00 8.527081126392382915e-01
2.381632653061224403e+00 4.770866455029009856e+00 6.614725933185281459e-01
2.399999999999999911e+00 5.136866640681079232e+00 7.538982460843330902e-01
