1.500000000000000000e+00 1.056662748141488306e+00 8.732799304368993321e-01
1.518367346938775508e+00 1.039227206267098857e+00 6.906822650181919654e-01
1.536734693877551017e+00 1.155873006931742886e+00 8.180749479294524562e-01
1.555102040816326525e+00 1.047708217132185204e+00 7.546990558700252816e-01
1.573469387755102034e+00 7.998904722192241596e-04 7.877357111298132208e-01
1.591836734693877542e+00 -1.787470585950701740e-01 8.952622626241067971e-01
1.610204081632653050e+00 7.921365148258598110e-02 9.033158560203741194e-01
1.628571428571428559e+00 3.188353233500603179e-01 9.109348860235382261e-01
1.646938775510204067e+00 5.590938148257104112e-01 9.457191716416618599e-01
1.665306122448979576e+00 3.641495998394252975e-01 8.831034938299230364e-01
1.683673469387755084e+00 5.252498823176661169e-01 8.667711231566630481e-01
1.702040816326530592e+00 1.763291582411070091e-01 9.349691376880708837e-01
1.720408163265306101e+00 3.576149065542033600e-01 9.577940252856225190e-01
1.738775510204081609e+00 5.749059110981216136e-01 8.650321273095266106e-01
1.757142857142857117e+00 5.935898026591110987e-01 8.961706852205221230e-01
1.775510204081632626e+00 5.369338394120920510e-01 9.151226299700596645e-01
1.793877551020408134e+00 7.177473498949273889e-01 8.726532500692703032e-01
1.812244897959183643e+00 7.980161664185697612e-01 8.735994240075344308e-01
1.830612244897959151e+00 7.846011755183842640e-01 8.512558792190977330e-01
1.848979591836734659e+00 8.717156035895421429e-01 8.600110224327015551e-01
1.867346938775510168e+00 8.942207163378732560e-01 9.166475012444719184e-01
1.885714285714285676e+00 1.228981983446777670e+00 8.961189337706216840e-01
1.904081632653061185e+00 3.117635903977374334e-01 6.020191205077070062e-01
1.922448979591836693e+00 5.977834806609572116e-01 7.076883955935991954e-01
1.940816326530612201e+00 6.844028746528239004e-01 7.322900726939425287e-01
1.959183673469387710e+00 7.187233577155430764e-01 8.204573413434003148e-01
1.977551020408163218e+00 9.525894085013546508e-01 8.312013815951719842e-01
1.995918367346938727e+00 1.026251178433180922e+00 7.969771331774949674e-01
2.014285714285714235e+00 6.252545035145440355e-01 8.869008280753887252e-01
2.032653061224489743e+00 7.277720075367961616e-01 7.405237348123513419e-01
2.051020408163265252e+00 8.297343918645534444e-01 7.510613818734550584e-01
2.069387755102040760e+00 3.666206863821739881e-01 7.986427994101449324e-01
2.087755102040816269e+00 8.860936419793977725e-01 7.382215982258487630e-01
2.106122448979591777e+00 3.955170836626141218e-01 8.002255688081783003e-01
2.124489795918367285e+00 4.184941375653575824e-01 6.174934074560425312e-01
2.142857142857142794e+00 5.266875551562245628e-01 8.334961622504631906e-01
2.161224489795918302e+00 7.756020548904148937e-01 8.433884713117021370e-01
2.179591836734693810e+00 9.699181355796745452e-01 8.287521645985596042e-01
2.197959183673469319e+00 1.172159812326636796e+00 8.022680950051227500e-01
2.216326530612244827e+00 1.378796949415816320e+00 8.151230001828759786e-01
2.234693877551020336e+00 1.600534443722305911e+00 7.014688201508746390e-01
2.253061224489795844e+00 1.827753406394417413e+00 5.357443564540581571e-01
2.271428571428571352e+00 2.331814599572969549e+00 5.046026960332912203e-01
2.289795918367346861e+00 6.596988999599912029e-01 5.660487229330979364e-01
2.308163265306122369e+00 -1.533417000155611887e-01 6.929645642951538509e-01
2.326530612244897878e+00 1.296267761724909873e+00 7.438414386185062677e-01
2.344897959183673386e+00 1.938998779902661118e+00 7.128250037750339940e-01
2.363265306122448894e+00 2.765608113221723841e+00 6.280183838048699618e-01
2.381632653061224403e+00 3.977510772296541930e-01 5.372067636802466684e-01
2.399999999999999911e+00 1.658018849975588349e+00 7.485852527085112840e-01
