1.500000000000000000e+00 -3.632208190375622037e-01 9.653669195045532225e-01
1.518367346938775508e+00 -6.692755073750209505e-01 8.927565571256981247e-01
1.536734693877551017e+00 -5.227926539945580986e-01 8.815644276512257793e-01
1.555102040816326525e+00 2.803006088368413876e-02 9.001428208531961905e-01
1.573469387755102034e+00 -2.714506144913724772e-01 8.719914700884359160e-01
1.591836734693877542e+00 -3.699387639936302929e-01 7.763618755410208738e-01
1.610204081632653050e+00 -1.533109544803479718e+00 7.396776201121676442e-01
1.628571428571428559e+00 -1.587037386705605568e+00 9.161189911271795383e-01
1.646938775510204067e+00 -1.356373852214932008e+00 8.365119481835540105e-01
1.665306122448979576e+00 -1.086371675159254480e+00 8.011990046638722829e-01
1.683673469387755084e+00 -9.301014275619547966e-01 8.235227133138336431e-01
1.702040816326530592e+00 -1.231914338447626545e+00 7.456307200631694387e-01
1.720408163265306101e+00 -7.278908566966704186e-01 9.179465922883177642e-01
1.738775510204081609e+00 -1.083657031714006180e+00 8.909929619059510086e-01
1.757142857142857117e+00 -1.135698482603710868e+00 7.878189079019379815e-01
1.775510204081632626e+00 -1.265772432023358096e+00 8.032229764201668232e-01
1.793877551020408134e+00 -1.073928534081628694e+00 7.898123074309963965e-01
1.812244897959183643e+00 -9.068447545376856489e-01 7.293830519104409493e-01
1.830612244897959151e+00 -9.180761871515172867e-01 7.921007253507496015e-01
1.848979591836734659e+00 -5.678233389239593087e-01 8.128494788191231724e-01
1.867346938775510168e+00 -5.201854813199834338e-01 7.584280542251928825e-01
1.885714285714285676e+00 -1.237753678143139156e-02 6.695234739734251539e-01
1.904081632653061185e+00 -7.516886385737348020e-01 7.502563368771040242e-01
1.922448979591836693e+00 -4.384196985974640470e-01 7.749872490176570317e-01
1.940816326530612201e+00 -9.120393941530131610e-01 6.290050448482639167e-01
1.959183673469387710e+00 -6.618075397089288048e-01 7.387037875973559986e-01
1.977551020408163218e+00 5.680936275894551968e-02 5.867439484983274500e-01
1.995918367346938727e+00 -1.112086237764761121e+00 6.713206511942023669e-01
2.014285714285714235e+00 -1.590311340352350999e+00 6.920339822156362786e-01
2.032653061224489743e+00 -1.409723409047110909e+00 8.419725443253613939e-01
2.051020408163265252e+00 -1.735449280573718500e+00 7.549889365903172944e-01
2.069387755102040760e+00 -2.290965751507604509e+00 7.516995089883387049e-01
2.087755102040816269e+00 -2.090976834575307031e+00 7.181250832493440983e-01
2.106122448979591777e+00 -1.405235860025917605e+00 8.096230561995078068e-01
2.124489795918367285e+00 -1.347417225153947351e+00 7.701417592592082473e-01
2.142857142857142794e+00 -1.425136328145713005e+00 7.303606098831320059e-01
2.161224489795918302e+00 -1.146501611163063483e+00 8.086874539043298338e-01
2.179591836734693810e+00 -8.871311752846336995e-01 8.130141424369441427e-01
2.197959183673469319e+00 -5.568680263586207602e-01 7.623736725750266396e-01
2.216326530612244827e+00 -5.127490003032071364e-01 5.692804071391406318e-01
2.234693877551020336e+00 -4.721691700808279823e-01 8.252318250665071631e-01
2.253061224489795844e+00 -2.710350833033539630e-01 8.543631812423705396e-01
2.271428571428571352e+00 2.398642519764310754e-01 8.871345975092733704e-01
2.289795918367346861e+00 2.719672823087630587e+00 7.755867304875103674e-01
2.308163265306122369e+00 5.126240815314215382e+00 7.560270471809982240e-01
2.326530612244897878e+00 5.089226919355128054e+00 7.625233811864277067e-01
2.344897959183673386e+00 5.330755664950767247e+00 7.327856207215750484e-01
2.363265306122448894e+00 5.484939339569710803e+00 7.178455291454554077e-01
2.381632653061224403e+00 6.497109809826050686e+00 8.267457237956415961e-01
2.399999999999999911e+00 7.213685484922214286e+00 8.211027408488661417e-01
