1.500000000000000000e+00 -2.845542355482229446e+00 8.836971359978806895e-01
1.518367346938775508e+00 -2.579412159016709172e+00 8.522143283625136512e-01
1.536734693877551017e+00 -2.333119258441058719e+00 7.503703647829148560e-01
1.555102040816326525e+00 -2.805032707465509034e+00 7.384895674801402743e-01
1.573469387755102034e+00 -1.737100908081725903e+00 8.598971432740351029e-01
1.591836734693877542e+00 -9.743267132605771819e-01 8.379966202712949563e-01
1.610204081632653050e+00 -3.034743140439411513e-01 8.340039572053510319e-01
1.628571428571428559e+00 2.254713022657472421e-01 8.531418771138272739e-01
1.646938775510204067e+00 5.775581195589810646e-01 9.098269774212828231e-01
1.665306122448979576e+00 1.043553962458088291e+00 9.031995225932898386e-01
1.683673469387755084e+00 1.489018319602894769e+00 8.889618513406362110e-01
1.702040816326530592e+00 1.578676037268568644e+00 8.314380317177983981e-01
1.720408163265306101e+00 1.974014288063034916e+00 8.637963860936115346e-01
1.738775510204081609e+00 2.143072612237018504e+00 8.530797035054272781e-01
1.757142857142857117e+00 2.566324467204943449e+00 8.282409500357861276e-01
1.775510204081632626e+00 4.119412333791272474e+00 7.408871862382524487e-01
1.793877551020408134e+00 5.568152149510400051e+00 5.906894828228860250e-01
1.812244897959183643e+00 5.695989399740071235e+00 7.320476182664944487e-01
1.830612244897959151e+00 5.796385368927083448e+00 6.362049082068687023e-01
1.848979591836734659e+00 6.494438644249825643e+00 9.043514381232065080e-01
1.867346938775510168e+00 6.897861673381924241e+00 9.318376619452498621e-01
1.885714285714285676e+00 7.367641373584640441e+00 7.081202391796700413e-01
1.904081632653061185e+00 7.554330985852173441e+00 8.149514441902592221e-01
1.922448979591836693e+00 7.183191921882209563e+00 8.611343529971950961e-01
1.940816326530612201e+00 7.205472906839141878e+00 9.347844784797165740e-01
1.959183673469387710e+00 7.475118490219979428e+00 9.075532094441985942e-01
1.977551020408163218e+00 7.925624455498203602e+00 7.607171560593015691e-01
1.995918367346938727e+00 7.142530874184802592e+00 8.140641053901300772e-01
2.014285714285714235e+00 7.566307572068344811e+00 9.110029926326944638e-01
2.032653061224489743e+00 7.853513212380485164e+00 9.083928872344070315e-01
2.051020408163265252e+00 7.806710711150087079e+00 8.451809843274759038e-01
2.069387755102040760e+00 7.747703055903018665e+00 8.082455158640815540e-01
2.087755102040816269e+00 8.048161113533051747e+00 8.284110437961695883e-01
2.106122448979591777e+00 8.204475855173594567e+00 8.785916939567179895e-01
2.124489795918367285e+00 8.762154310149266934e+00 6.382217739446753857e-01
2.142857142857142794e+00 8.616745372777170786e+00 5.433282937850710814e-01
2.161224489795918302e+00 7.888127588996023398e+00 6.653056448607163054e-01
2.179591836734693810e+00 8.201997378216784540e+00 7.581521568270896960e-01
2.197959183673469319e+00 8.458483320669689220e+00 7.542183237662714035e-01
2.216326530612244827e+00 8.920409003992965324e+00 7.299150174299005034e-01
2.234693877551020336e+00 1.121875315919896288e+01 5.925928614882221002e-01
2.253061224489795844e+00 1.357063992553036336e+01 7.570220907341878025e-01
2.271428571428571352e+00 1.421071721575842162e+01 7.509879907029018975e-01
2.289795918367346861e+00 1.493247655874482582e+01 7.321466803178273697e-01
2.308163265306122369e+00 1.500607965375467501e+01 6.867233305526233567e-01
2.326530612244897878e+00 1.347338704179644608e+01 7.621522026199600841e-01
2.344897959183673386e+00 1.247675265196219918e+01 8.083954923892092692e-01
2.363265306122448894e+00 1.282681143983911198e+01 8.231702794971818005e-01
2.381632653061224403e+00 1.328441351210055821e+01 7.749990772226764690e-01
2.399999999999999911e+00 1.397523492190156524e+01 6.196134169011755510e-01
