1.500000000000000000e+00 -1.394190791083059100e+00 9.331224302667399106e-01
1.518367346938775508e+00 -5.649233093970363884e-01 9.467964617432369501e-01
1.536734693877551017e+00 2.636685921905186358e-01 9.377114142136686592e-01
1.555102040816326525e+00 9.617034809780716786e-01 8.679529151083176242e-01
1.573469387755102034e+00 1.164445460361213103e+00 9.104797368806025748e-01
1.591836734693877542e+00 1.513420722531405582e+00 9.205437395527149569e-01
1.610204081632653050e+00 1.830717379211375118e+00 8.546004541780560793e-01
1.628571428571428559e+00 1.861014277622818902e+00 8.864246887966141797e-01
1.646938775510204067e+00 2.445854683885493319e+00 8.658029894550340888e-01
1.665306122448979576e+00 3.064408832554059270e+00 8.645891617042447130e-01
1.683673469387755084e+00 5.169745964660319437e+00 7.516937982201538082e-01
1.702040816326530592e+00 2.284876597038165258e+00 5.664090918479424142e-01
1.720408163265306101e+00 4.884731156286700404e+00 5.652279957406404209e-01
1.738775510204081609e+00 6.671091039899408770e+00 8.735334660577077637e-01
1.757142857142857117e+00 7.432587015356682869e+00 9.090336578447822946e-01
1.775510204081632626e+00 7.475777455146323192e+00 7.328855929121782520e-01
1.793877551020408134e+00 7.601301121761374624e+00 7.935844081644248815e-01
1.812244897959183643e+00 7.859486275522687748e+00 7.881706797352284743e-01
1.830612244897959151e+00 7.753738115132341235e+00 7.817950941168091417e-01
1.848979591836734659e+00 7.844055971050437392e+00 7.395296208176681541e-01
1.867346938775510168e+00 7.588975233330696568e+00 7.292373327409712447e-01
1.885714285714285676e+00 7.688656914349879301e+00 5.983688467347862971e-01
1.904081632653061185e+00 7.901887547024612601e+00 8.409648257999354781e-01
1.922448979591836693e+00 7.930846623172474352e+00 7.631528084376855148e-01
1.940816326530612201e+00 8.012267826939998727e+00 8.387394792156445122e-01
1.959183673469387710e+00 8.008878228317797721e+00 8.786092463078062353e-01
1.977551020408163218e+00 8.219517094708985283e+00 9.355218035316240632e-01
1.995918367346938727e+00 8.493411472774932136e+00 9.611911122255509810e-01
2.014285714285714235e+00 8.489135736534301202e+00 6.798851368209012369e-01
2.032653061224489743e+00 8.606821864660986421e+00 8.524664648632539476e-01
2.051020408163265252e+00 9.036673663532450718e+00 7.501741823872720705e-01
2.069387755102040760e+00 9.500755525697201165e+00 5.964807071701455632e-01
2.087755102040816269e+00 8.384881629517549229e+00 8.015332611920681360e-01
2.106122448979591777e+00 8.904191063933792449e+00 8.551583659025354667e-01
2.124489795918367285e+00 9.165687882806864195e+00 6.693282345351738716e-01
2.142857142857142794e+00 8.573030819545731873e+00 9.451010826951784516e-01
2.161224489795918302e+00 8.631664663568148654e+00 9.484205106263480234e-01
2.179591836734693810e+00 8.477465313122644730e+00 8.221845044536667535e-01
2.197959183673469319e+00 8.642561594820524107e+00 7.588210585529043817e-01
2.216326530612244827e+00 7.647087616453738690e+00 6.622237837715534425e-01
2.234693877551020336e+00 8.457428554590020298e+00 8.107444877375392656e-01
2.253061224489795844e+00 8.525528441012410141e+00 8.073608323281817878e-01
2.271428571428571352e+00 7.510757463240127052e+00 7.490773368166611101e-01
2.289795918367346861e+00 7.531854903565333714e+00 7.598409751130581480e-01
2.308163265306122369e+00 7.974209751431717841e+00 7.447927686106179390e-01
2.326530612244897878e+00 8.306383051976357734e+00 6.720147236120079803e-01
2.344897959183673386e+00 8.362989448915822521e+00 6.863015111976298321e-01
2.363265306122448894e+00 8.323215861627822676e+00 7.047647994790183779e-01
2.381632653061224403e+00 8.558428281868822651e+00 7.976187843462472227e-01
2.399999999999999911e+00 8.798211714336790834e+00 8.444785244883952213e-01
