1.500000000000000000e+00 1.146658199975813863e+00 9.544565207561913622e-01
1.518367346938775508e+00 1.348884905104693832e+00 9.837540209134210123e-01
1.536734693877551017e+00 1.543818043518062177e+00 9.710218179458857124e-01
1.555102040816326525e+00 1.876488263190203121e+00 8.765023413070125446e-01
1.573469387755102034e+00 1.964985963156495652e+00 9.066831639366849105e-01
1.591836734693877542e+00 2.157188531279160326e+00 9.271295188420106692e-01
1.610204081632653050e+00 2.337234722170189460e+00 9.024868761667288464e-01
1.628571428571428559e+00 3.011979252005401175e+00 9.136142196921527292e-01
1.646938775510204067e+00 4.116175086997224675e+00 8.751129644888789860e-01
1.665306122448979576e+00 5.375096315149836990e+00 8.298179959385881821e-01
1.683673469387755084e+00 5.683263971198195819e+00 8.649644051177307613e-01
1.702040816326530592e+00 5.749704855422034910e+00 9.263317450244269446e-01
1.720408163265306101e+00 6.514394674747829406e+00 7.831954141838251005e-01
1.738775510204081609e+00 7.087742619633054630e+00 8.299744879643740081e-01
1.757142857142857117e+00 7.404987298208112634e+00 7.865793858757298418e-01
1.775510204081632626e+00 7.454245811166189561e+00 8.421166502083818894e-01
1.793877551020408134e+00 8.105248716066128623e+00 8.061561051057348770e-01
1.812244897959183643e+00 8.964295146257088120e+00 8.442571139124026569e-01
1.830612244897959151e+00 9.963939888045700854e+00 8.998296695885857899e-01
1.848979591836734659e+00 1.059094366521011743e+01 5.844219129442919103e-01
1.867346938775510168e+00 1.063018972552852937e+01 7.455661368361238273e-01
1.885714285714285676e+00 1.085027121041097864e+01 7.677079382084326387e-01
1.904081632653061185e+00 1.158247434848921742e+01 8.014235656971331334e-01
1.922448979591836693e+00 1.180934033592424193e+01 8.030918192848577331e-01
1.940816326530612201e+00 1.214875399257830146e+01 7.875495463080988134e-01
1.959183673469387710e+00 1.247668430647494731e+01 8.308384132975763503e-01
1.977551020408163218e+00 1.159254432855845707e+01 7.393516877976886725e-01
1.995918367346938727e+00 1.248806753338507569e+01 5.678597996602652298e-01
2.014285714285714235e+00 1.282276313795936140e+01 6.360444856825623328e-01
2.032653061224489743e+00 1.145074016336111988e+01 7.406538601645091813e-01
2.051020408163265252e+00 1.152226399430683301e+01 7.124563821412581710e-01
2.069387755102040760e+00 1.176976729589082105e+01 8.504376861856272063e-01
2.087755102040816269e+00 1.195725625572206141e+01 8.855873741265258836e-01
2.106122448979591777e+00 1.243506061976343524e+01 8.149705011013624878e-01
2.124489795918367285e+00 1.246519107920111047e+01 8.160690375217209969e-01
2.142857142857142794e+00 1.285576233013161840e+01 6.421883336946569987e-01
2.161224489795918302e+00 1.311315871150191370e+01 8.288212030645627504e-01
2.179591836734693810e+00 1.336168913822021409e+01 8.450278219267889357e-01
2.197959183673469319e+00 1.353806700818421227e+01 8.569473822796555007e-01
2.216326530612244827e+00 1.495220498215594773e+01 8.860355514556963463e-01
2.234693877551020336e+00 1.576310119269024312e+01 9.014722590075523456e-01
2.253061224489795844e+00 1.640487965169792872e+01 9.006279856371520731e-01
2.271428571428571352e+00 1.681970443799774984e+01 7.930127366915221687e-01
2.289795918367346861e+00 1.748263721307894158e+01 7.164900506185230000e-01
2.308163265306122369e+00 1.687197096773064686e+01 8.741609849001941157e-01
2.326530612244897878e+00 1.664052939985924340e+01 7.793127246424130794e-01
2.344897959183673386e+00 1.726676045170302842e+01 8.328330244936104076e-01
2.363265306122448894e+00 1.764511451574740164e+01 8.443924487344282026e-01
2.381632653061224403e+00 1.738484017346522847e+01 6.417926069646245901e-01
2.399999999999999911e+00 1.826350758570661625e+01 6.338487805319794610e-01
