1.500000000000000000e+00 -3.910916866796464442e-01 9.137335492066016585e-01
1.518367346938775508e+00 3.425168408697878975e-01 9.016177127112514622e-01
1.536734693877551017e+00 1.055359697680654074e+00 8.748478058464023155e-01
1.555102040816326525e+00 1.931576773173801165e+00 7.116310292801725224e-01
1.573469387755102034e+00 1.750931751570481198e+00 9.138101901559515516e-01
1.591836734693877542e+00 2.319096039167817924e+00 9.134756503616406897e-01
1.610204081632653050e+00 2.592278622543419342e+00 9.226292009843779507e-01
1.628571428571428559e+00 2.924231299559721720e+00 9.050861446430931156e-01
1.646938775510204067e+00 3.349103302142859562e+00 9.296414994087803807e-01
1.665306122448979576e+00 4.002399640695429639e+00 8.758404720404019406e-01
1.683673469387755084e+00 7.078930021959337182e+00 7.254062090348529779e-01
1.702040816326530592e+00 9.617903613239944249e+00 7.618215717575076429e-01
1.720408163265306101e+00 9.446550241790406588e+00 7.137324581109998345e-01
1.738775510204081609e+00 6.644900509438389946e+00 6.875868699390198513e-01
1.757142857142857117e+00 7.913016041453852623e+00 8.131151865222029373e-01
1.775510204081632626e+00 8.296772996481038831e+00 7.231312253262747181e-01
1.793877551020408134e+00 8.345717089972442437e+00 8.844883864699738529e-01
1.812244897959183643e+00 8.637542298281532638e+00 8.977478399159192213e-01
1.830612244897959151e+00 8.774917383389357894e+00 8.546854531037639813e-01
1.848979591836734659e+00 8.938689719902958686e+00 8.279438502422061807e-01
1.867346938775510168e+00 9.305582071013128953e+00 6.261393653496988287e-01
1.885714285714285676e+00 8.566677700303456433e+00 6.733253037892111825e-01
1.904081632653061185e+00 8.878765353910562652e+00 7.274523051230580295e-01
1.922448979591836693e+00 8.911770791326715013e+00 8.437711314822319286e-01
1.940816326530612201e+00 8.995130706911719898e+00 8.862801476406551027e-01
1.959183673469387710e+00 9.052483135448584406e+00 8.411970949118229290e-01
1.977551020408163218e+00 9.199077210722320430e+00 9.037334228541240577e-01
1.995918367346938727e+00 9.257496889444922772e+00 8.137331711895650077e-01
2.014285714285714235e+00 9.283204837648792562e+00 8.714066902224331113e-01
2.032653061224489743e+00 9.421644415114116100e+00 8.748927108983742817e-01
2.051020408163265252e+00 9.622943209961000832e+00 8.455687715624682355e-01
2.069387755102040760e+00 9.394608509199482427e+00 5.443981141038432003e-01
2.087755102040816269e+00 9.247742193121716525e+00 7.733889217175937691e-01
2.106122448979591777e+00 9.826228671360849987e+00 6.404624348984566673e-01
2.124489795918367285e+00 9.739323391112161943e+00 4.846201065350977388e-01
2.142857142857142794e+00 9.542150223352148686e+00 8.564830519045374402e-01
2.161224489795918302e+00 9.820952978242079467e+00 8.216998494505730610e-01
2.179591836734693810e+00 1.004904090682783568e+01 8.168997560952863113e-01
2.197959183673469319e+00 1.065677817711647535e+01 8.055165533150765445e-01
2.216326530612244827e+00 8.868075668909625620e+00 6.782009401434226925e-01
2.234693877551020336e+00 8.980866959829272744e+00 7.436017807903685384e-01
2.253061224489795844e+00 8.767295784439355089e+00 7.679247855869417716e-01
2.271428571428571352e+00 8.743422287122783132e+00 7.700611603947119521e-01
2.289795918367346861e+00 9.018741952958178487e+00 8.074553542952247476e-01
2.308163265306122369e+00 8.985034719462532848e+00 7.842668602042031090e-01
2.326530612244897878e+00 9.104652040230826415e+00 8.187432704838166764e-01
2.344897959183673386e+00 9.268883159876201816e+00 8.393143038592666416e-01
2.363265306122448894e+00 9.471103614649409863e+00 8.389302315260654952e-01
2.381632653061224403e+00 9.682397873597880178e+00 7.513144117485489604e-01
2.399999999999999911e+00 9.708543558718645272e+00 8.668031056695036929e-01
