1.500000000000000000e+00 2.459633183919459842e+00 8.662084058066585879e-01
1.518367346938775508e+00 2.436409333858617021e+00 8.548387087371659421e-01
1.536734693877551017e+00 2.391721593168005366e+00 8.531063370843121607e-01
1.555102040816326525e+00 2.364438808786640589e+00 8.728161390078678084e-01
1.573469387755102034e+00 2.393686831344289168e+00 9.075183579290229119e-01
1.591836734693877542e+00 2.456675979422743517e+00 9.342014678434819031e-01
1.610204081632653050e+00 2.519650313661563779e+00 9.440322488302271831e-01
1.628571428571428559e+00 2.548570330312451393e+00 8.976514800000022776e-01
1.646938775510204067e+00 2.574868632502187893e+00 8.682509231465652677e-01
1.665306122448979576e+00 2.631664860008168905e+00 8.861331440289003103e-01
1.683673469387755084e+00 2.683973157959086642e+00 8.848905196836910347e-01
1.702040816326530592e+00 2.742617023142873922e+00 8.804799752047902661e-01
1.720408163265306101e+00 2.805577792527800707e+00 8.733450345178791485e-01
1.738775510204081609e+00 2.860063970182313842e+00 8.666244399694936762e-01
1.757142857142857117e+00 2.866685206916436801e+00 9.349374103018052162e-01
1.775510204081632626e+00 3.010231815138201927e+00 9.748808032358725617e-01
1.793877551020408134e+00 3.125572791848507226e+00 9.262471539932759512e-01
1.812244897959183643e+00 3.218767223988934667e+00 9.015884515319133596e-01
1.830612244897959151e+00 3.311478243880191297e+00 8.886941860928340153e-01
1.848979591836734659e+00 3.412517981228623931e+00 8.823127992129533581e-01
1.867346938775510168e+00 3.525009205026770065e+00 8.774962987664672864e-01
1.885714285714285676e+00 3.650572045613027949e+00 8.712859400666275178e-01
1.904081632653061185e+00 3.792607572965397189e+00 8.619561367200282431e-01
1.922448979591836693e+00 3.956135936725041269e+00 8.473024943925810959e-01
1.940816326530612201e+00 4.145936271037048648e+00 8.231081427336179868e-01
1.959183673469387710e+00 4.355062750717851650e+00 7.801575649396345069e-01
1.977551020408163218e+00 4.513954598304374954e+00 7.156776381148615140e-01
1.995918367346938727e+00 5.058183685181401934e+00 6.263986709102646877e-01
2.014285714285714235e+00 5.163385717721981294e+00 8.720245208917990487e-01
2.032653061224489743e+00 5.719501888704323633e+00 8.405891500297042462e-01
2.051020408163265252e+00 6.247871930790280359e+00 8.343851402916723226e-01
2.069387755102040760e+00 6.865187367900279725e+00 8.408254288084245909e-01
2.087755102040816269e+00 7.628576506176910854e+00 8.487618802143502839e-01
2.106122448979591777e+00 8.320876907128532451e+00 8.516803850811638377e-01
2.124489795918367285e+00 8.757344138766711694e+00 8.466122591258714580e-01
2.142857142857142794e+00 8.860284725403740680e+00 8.337781096488430244e-01
2.161224489795918302e+00 8.384952121620692367e+00 8.431986704698304358e-01
2.179591836734693810e+00 9.479081814446683296e+00 7.934167113834940110e-01
2.197959183673469319e+00 9.925169465668240321e+00 7.274664685720612090e-01
2.216326530612244827e+00 1.033359791912618775e+01 7.930501439931718632e-01
2.234693877551020336e+00 1.071007526571442270e+01 8.804241197919783213e-01
2.253061224489795844e+00 1.102322815672875755e+01 9.122549596229605484e-01
2.271428571428571352e+00 1.136149414552253667e+01 9.278210807229947399e-01
2.289795918367346861e+00 1.168719152091791535e+01 9.524303466985601929e-01
2.308163265306122369e+00 1.198700108779787321e+01 9.563791974221906855e-01
2.326530612244897878e+00 1.228871139323800321e+01 9.476559435683588051e-01
2.344897959183673386e+00 1.252338661484729343e+01 9.387939996171680290e-01
2.363265306122448894e+00 1.281018726415405773e+01 9.484036663112721532e-01
2.381632653061224403e+00 1.304743051750619998e+01 9.256414937342338778e-01
2.399999999999999911e+00 1.324212835282365930e+01 8.950464693286017681e-01
