1.500000000000000000e+00 -2.349211053118428705e+00 8.619350861374387440e-01
1.518367346938775508e+00 -2.283913727608055222e+00 8.469507447401184441e-01
1.536734693877551017e+00 -2.173670434130916540e+00 7.998507291189053126e-01
1.555102040816326525e+00 -2.178999719320378503e+00 7.188305581876753836e-01
1.573469387755102034e+00 -2.100776823015694017e+00 6.211098919868931478e-01
1.591836734693877542e+00 -2.477234668949951590e+00 3.770661913407784560e-01
1.610204081632653050e+00 -2.642429612487882107e+00 7.844078106606403589e-01
1.628571428571428559e+00 -2.317886687728869077e+00 9.381299135363565522e-01
1.646938775510204067e+00 -2.129241544519144380e+00 9.441205026033424597e-01
1.665306122448979576e+00 -1.986002940956607787e+00 9.408692162741066900e-01
1.683673469387755084e+00 -1.843684197246743039e+00 9.388714788405585487e-01
1.702040816326530592e+00 -1.662821721170179234e+00 9.255920617072127543e-01
1.720408163265306101e+00 -1.421674117259108305e+00 8.781827383269177334e-01
1.738775510204081609e+00 -1.189053757751439511e+00 7.062993401839149366e-01
1.757142857142857117e+00 -1.334009036443293938e+00 5.964545161735441692e-01
1.775510204081632626e+00 -1.201807396614973378e+00 6.054086818868641418e-01
1.793877551020408134e+00 -9.434440667881619502e-01 5.456226398734695948e-01
1.812244897959183643e+00 -7.681363251850530371e-01 3.646868959502403418e-01
1.830612244897959151e+00 -1.144726376494289877e+00 8.791301156347185453e-01
1.848979591836734659e+00 -5.523622455016305999e-01 9.227933344052882125e-01
1.867346938775510168e+00 -8.833558180525524772e-02 8.824918800547087994e-01
1.885714285714285676e+00 3.704061109252236306e-01 8.420630315155901435e-01
1.904081632653061185e+00 8.792097656242409132e-01 8.071290919497631222e-01
1.922448979591836693e+00 1.374366559728324555e+00 7.864651379350262594e-01
1.940816326530612201e+00 1.835411781602609427e+00 7.891152894593465028e-01
1.959183673469387710e+00 2.198406486007067340e+00 8.005017182790631347e-01
1.977551020408163218e+00 2.512093017834554853e+00 8.376937495057923400e-01
1.995918367346938727e+00 3.044326600907463654e+00 9.463942065338452059e-01
2.014285714285714235e+00 4.087602659077097300e+00 6.690940342888409553e-01
2.032653061224489743e+00 4.335539689603399083e+00 6.901989759651033784e-01
2.051020408163265252e+00 4.789475613788056307e+00 7.373212620328918332e-01
2.069387755102040760e+00 5.233232728309894277e+00 7.619697046048380384e-01
2.087755102040816269e+00 5.677503955797269519e+00 7.771424803065551945e-01
2.106122448979591777e+00 6.093761562062791626e+00 7.824793477864014912e-01
2.124489795918367285e+00 6.469161422135167427e+00 7.734361194725516420e-01
2.142857142857142794e+00 7.123213887666604904e+00 8.414301440429680090e-01
2.161224489795918302e+00 7.857417175430692069e+00 4.966333480181310267e-01
2.179591836734693810e+00 7.394739738120843953e+00 6.304872411831701218e-01
2.197959183673469319e+00 7.834114502811938330e+00 7.640271210442223238e-01
2.216326530612244827e+00 8.127526775129672032e+00 7.947508705119238348e-01
2.234693877551020336e+00 8.360539502944527968e+00 8.101627517592050465e-01
2.253061224489795844e+00 8.549651387723780971e+00 8.207867167333745551e-01
2.271428571428571352e+00 8.591939786371453280e+00 7.719490503683588134e-01
2.289795918367346861e+00 8.766452728169065622e+00 8.291318871408266400e-01
2.308163265306122369e+00 8.974257120959057588e+00 8.840545648381042954e-01
2.326530612244897878e+00 9.372123026056588202e+00 8.887093373527175100e-01
2.344897959183673386e+00 9.752443232684445462e+00 6.454810492422393686e-01
2.363265306122448894e+00 9.646465823305600651e+00 5.588197143773193654e-01
2.381632653061224403e+00 1.044993861529721890e+01 5.489244310748586653e-01
2.399999999999999911e+00 8.251368651658177455e+00 6.756637052945699828e-01
