1.500000000000000000e+00 -2.034923292780502546e+00 9.093121678869358071e-01
1.518367346938775508e+00 -1.552229381880488646e+00 9.113396308980009630e-01
1.536734693877551017e+00 -1.474756343507021672e+00 7.530101363305279349e-01
1.555102040816326525e+00 -1.315721861676208526e+00 8.967242822334848817e-01
1.573469387755102034e+00 -1.033604862129522628e+00 9.663845193826383628e-01
1.591836734693877542e+00 -1.215566519182781136e+00 7.825132634981313284e-01
1.610204081632653050e+00 -1.947792199819389447e+00 7.946231681008202319e-01
1.628571428571428559e+00 -1.490070514245213751e+00 8.271371397213650445e-01
1.646938775510204067e+00 -1.708311258510891717e+00 8.289138519394378957e-01
1.665306122448979576e+00 -2.094169794202243029e+00 8.754110212587690176e-01
1.683673469387755084e+00 -1.753646174896955401e+00 9.279210150970851334e-01
1.702040816326530592e+00 -2.183061212418460073e+00 9.282787447326090735e-01
1.720408163265306101e+00 -2.099602164405016680e+00 6.485112384347454517e-01
1.738775510204081609e+00 -1.492684647404786347e+00 9.637041383157707308e-01
1.757142857142857117e+00 -2.376029958087846339e+00 9.247827879874758183e-01
1.775510204081632626e+00 -2.344848478256972513e+00 8.690839958276783683e-01
1.793877551020408134e+00 -2.033429299035503401e+00 7.549398798465699612e-01
1.812244897959183643e+00 -1.783871287554056329e+00 8.898138231417977995e-01
1.830612244897959151e+00 -1.792332019460289638e+00 8.219682722046276480e-01
1.848979591836734659e+00 -1.724432286497157518e+00 9.207088340890083877e-01
1.867346938775510168e+00 -1.509334472862928989e+00 9.485956611600936395e-01
1.885714285714285676e+00 -1.502538865192268203e+00 8.956962315896408455e-01
1.904081632653061185e+00 -1.322192798757015453e+00 9.291987683903560891e-01
1.922448979591836693e+00 -1.098417416602931906e+00 9.115479900557429405e-01
1.940816326530612201e+00 -3.063900915211958398e-01 6.812864798961080215e-01
1.959183673469387710e+00 -1.308743884538469127e+00 7.069467904674100467e-01
1.977551020408163218e+00 -7.855935117401826595e-01 6.130086774712252273e-01
1.995918367346938727e+00 -3.079680119497420598e+00 4.210858749000953583e-01
2.014285714285714235e+00 -2.575397725946825478e+00 5.702442108548686495e-01
2.032653061224489743e+00 -2.322064185485738008e+00 5.935643058399154848e-01
2.051020408163265252e+00 -2.238326837299496663e+00 7.925090156629144289e-01
2.069387755102040760e+00 -2.111636397524559783e+00 8.473032486745377678e-01
2.087755102040816269e+00 -1.169625389643910829e+00 8.365044238163419354e-01
2.106122448979591777e+00 -7.834445086155562565e-01 7.823891424905630165e-01
2.124489795918367285e+00 -2.699374764071473365e+00 7.489380834991415936e-01
2.142857142857142794e+00 -3.333034019381770019e+00 5.673617122476616315e-01
2.161224489795918302e+00 -2.822093776940921117e+00 5.957054510254825574e-01
2.179591836734693810e+00 -2.825618251984868046e+00 7.480469108175979986e-01
2.197959183673469319e+00 -2.244624706148714566e+00 7.927046313237330333e-01
2.216326530612244827e+00 -1.977115400070300844e+00 8.016752750165871966e-01
2.234693877551020336e+00 -1.695729612893216220e+00 7.625031046948270719e-01
2.253061224489795844e+00 -1.482144333204209463e+00 7.131107872179112128e-01
2.271428571428571352e+00 -1.443025777268602372e+00 8.604411181525439822e-01
2.289795918367346861e+00 -1.009191980085514917e+00 6.992121018356239892e-01
2.308163265306122369e+00 -7.104395345654789251e-01 7.094552982072602765e-01
2.326530612244897878e+00 -2.617557124569943050e-01 7.486645815183101682e-01
2.344897959183673386e+00 6.235525259082786986e-01 6.489550371363576042e-01
2.363265306122448894e+00 3.029804768518397751e+00 7.931930645048932416e-01
2.381632653061224403e+00 4.553605672352328604e+00 7.703457788392911176e-01
2.399999999999999911e+00 5.105480460187443725e+00 5.657940393977101134e-01
