1.500000000000000000e+00 -2.843036898533985557e+00 7.073654993101262667e-01
1.518367346938775508e+00 -2.548605337667724235e+00 9.019979067469061640e-01
1.536734693877551017e+00 -2.071218370444825929e+00 9.545292068266711949e-01
1.555102040816326525e+00 -1.748551310198189102e+00 9.276454838421244187e-01
1.573469387755102034e+00 -1.429737133938121518e+00 9.476347449107117571e-01
1.591836734693877542e+00 -1.413633691260745451e+00 7.233703196687107928e-01
1.610204081632653050e+00 -1.335032078598406002e+00 7.507614603708988588e-01
1.628571428571428559e+00 -8.741552781367907254e-01 7.040605738177638795e-01
1.646938775510204067e+00 3.092711819737468115e-01 6.168547827699349950e-01
1.665306122448979576e+00 3.266296041415842399e+00 5.761212120676745263e-01
1.683673469387755084e+00 3.692766685006299898e+00 6.366534489968505017e-01
1.702040816326530592e+00 3.824603972670610919e+00 6.526360223784648529e-01
1.720408163265306101e+00 3.996748894870484126e+00 8.977916276635204973e-01
1.738775510204081609e+00 4.606243006464011636e+00 7.409011825485108949e-01
1.757142857142857117e+00 4.319669906574016949e+00 7.685037316066664070e-01
1.775510204081632626e+00 4.802585492299912495e+00 7.658524593422297855e-01
1.793877551020408134e+00 4.240341978531719569e+00 7.971734906685418176e-01
1.812244897959183643e+00 4.405461147023766344e+00 8.282618913272046246e-01
1.830612244897959151e+00 4.513201201374773319e+00 8.177804184841501733e-01
1.848979591836734659e+00 4.360243368918256479e+00 9.215029584111910088e-01
1.867346938775510168e+00 4.648156028576006626e+00 9.085995495763712348e-01
1.885714285714285676e+00 4.754815279307613274e+00 8.850083962293767703e-01
1.904081632653061185e+00 4.868027304493550034e+00 8.818093116426521938e-01
1.922448979591836693e+00 5.019776839485117215e+00 8.303544592280617254e-01
1.940816326530612201e+00 5.003455032339952702e+00 8.059882011137323721e-01
1.959183673469387710e+00 5.249763015868222915e+00 7.776071034351201838e-01
1.977551020408163218e+00 4.782108060393808202e+00 5.258734406323553046e-01
1.995918367346938727e+00 4.966020843400270834e+00 7.132638180677010054e-01
2.014285714285714235e+00 5.423165401117364226e+00 5.593461305911421322e-01
2.032653061224489743e+00 5.933744011514218819e+00 3.632047919457180862e-01
2.051020408163265252e+00 4.689483072309210243e+00 7.094841989478064548e-01
2.069387755102040760e+00 5.003438994537830808e+00 7.735249314409730070e-01
2.087755102040816269e+00 5.410523417367582688e+00 6.873761731674352671e-01
2.106122448979591777e+00 4.618319692009222877e+00 8.585552208604592117e-01
2.124489795918367285e+00 4.832717790411225955e+00 8.575400049765538046e-01
2.142857142857142794e+00 4.894008595331142963e+00 8.573144166945494415e-01
2.161224489795918302e+00 4.930217683203332868e+00 8.646237536884402441e-01
2.179591836734693810e+00 4.797425037703100692e+00 8.718902625553479613e-01
2.197959183673469319e+00 4.877104473173064392e+00 8.608305892920828928e-01
2.216326530612244827e+00 4.860702570760004448e+00 8.518182082146923406e-01
2.234693877551020336e+00 4.841198030442701139e+00 7.990379952469697233e-01
2.253061224489795844e+00 4.659954623628525638e+00 6.985972245549941784e-01
2.271428571428571352e+00 5.061037524610809690e+00 8.477690425725584733e-01
2.289795918367346861e+00 5.021524436157166704e+00 9.219732754636315031e-01
2.308163265306122369e+00 5.205681231226693129e+00 8.822882013919026711e-01
2.326530612244897878e+00 5.496858838613187359e+00 9.389103421226110413e-01
2.344897959183673386e+00 5.899551493985480732e+00 8.683788485906286381e-01
2.363265306122448894e+00 5.973616562985930578e+00 7.794353752157645587e-01
2.381632653061224403e+00 6.420875766933391127e+00 8.517524554179579654e-01
2.399999999999999911e+00 6.294914061923492454e+00 8.615158531581587065e-01
