1.500000000000000000e+00 -2.851433369865358891e+00 9.406361590040273057e-01
1.518367346938775508e+00 -2.894566486671064087e+00 8.347823948902625135e-01
1.536734693877551017e+00 -2.890353918225383900e+00 8.335971941979012367e-01
1.555102040816326525e+00 -2.854265817054209453e+00 8.583406342406031397e-01
1.573469387755102034e+00 -2.804119606389831709e+00 8.560982643073805631e-01
1.591836734693877542e+00 -2.701891186105160436e+00 8.335309009846459949e-01
1.610204081632653050e+00 -2.701504072695666725e+00 7.816013514558365349e-01
1.628571428571428559e+00 -2.636342506858361467e+00 7.109102876778121693e-01
1.646938775510204067e+00 -2.898323952220126287e+00 5.919702287121869633e-01
1.665306122448979576e+00 -2.852012165563873491e+00 9.313559833133766563e-01
1.683673469387755084e+00 -2.606649605307452156e+00 9.724364415229607150e-01
1.702040816326530592e+00 -2.458232194756088784e+00 9.532234652851264700e-01
1.720408163265306101e+00 -2.340834765080685553e+00 9.368202023800256129e-01
1.738775510204081609e+00 -2.225114622974005307e+00 9.270932093885657643e-01
1.757142857142857117e+00 -2.092246851701975885e+00 9.241635439232195326e-01
1.775510204081632626e+00 -1.917881400743527198e+00 9.256121859138525254e-01
1.793877551020408134e+00 -1.721074965412261237e+00 9.238895441528587327e-01
1.812244897959183643e+00 -1.458017294700835187e+00 9.237937977761804254e-01
1.830612244897959151e+00 -1.201599447697416334e+00 7.293335598618537752e-01
1.848979591836734659e+00 -1.311897293554650012e+00 5.699469971965459569e-01
1.867346938775510168e+00 -1.131759069474000956e+00 5.111222189994402143e-01
1.885714285714285676e+00 -1.583156343516552544e+00 8.256714072200216359e-01
1.904081632653061185e+00 -8.206147045447628185e-01 9.312866650913418365e-01
1.922448979591836693e+00 -3.548402076735783783e-01 9.173363609877749347e-01
1.940816326530612201e+00 1.249360180075951426e-01 8.769562552688967560e-01
1.959183673469387710e+00 6.193378613252671361e-01 8.262032161040697709e-01
1.977551020408163218e+00 1.171934340570186972e+00 7.995141627014751284e-01
1.995918367346938727e+00 1.630779882088084554e+00 7.981143046297687338e-01
2.014285714285714235e+00 2.036003698207864865e+00 7.956189874283581265e-01
2.032653061224489743e+00 2.322060758290976690e+00 8.200466127259764537e-01
2.051020408163265252e+00 2.688193192502161377e+00 9.391556689915917522e-01
2.069387755102040760e+00 4.111780860095445078e+00 7.028192330292434287e-01
2.087755102040816269e+00 4.539465267923995739e+00 7.513504223069996657e-01
2.106122448979591777e+00 4.764686358566661006e+00 6.932904126665297984e-01
2.124489795918367285e+00 5.062963819083382333e+00 7.352311512558455942e-01
2.142857142857142794e+00 5.425217129425416118e+00 7.637173110305632839e-01
2.161224489795918302e+00 5.782922802963447850e+00 7.778337437492307549e-01
2.179591836734693810e+00 6.117143744253095150e+00 7.803656977066419920e-01
2.197959183673469319e+00 6.406740878720135868e+00 8.518999877811193056e-01
2.216326530612244827e+00 6.946723406041181548e+00 9.003218899808552722e-01
2.234693877551020336e+00 7.392979654573275106e+00 8.560693603321231082e-01
2.253061224489795844e+00 7.370443010322905053e+00 6.358073424626614623e-01
2.271428571428571352e+00 7.622213165057393880e+00 7.275117867120778348e-01
2.289795918367346861e+00 7.811667142958915733e+00 6.984361583132454587e-01
2.308163265306122369e+00 8.116367415788879214e+00 7.361752062450357403e-01
2.326530612244897878e+00 8.065762671364666403e+00 6.436300235468328523e-01
2.344897959183673386e+00 8.245145963799586752e+00 7.272196888446758045e-01
2.363265306122448894e+00 8.396378941225890458e+00 7.749151735017905107e-01
2.381632653061224403e+00 8.563131312271131890e+00 8.245410670223645155e-01
2.399999999999999911e+00 8.848824466397031685e+00 8.748492711760647023e-01
