1.500000000000000000e+00 -2.754359163164828761e+00 8.994361468683433891e-01
1.518367346938775508e+00 -2.720445274774364375e+00 9.008721221673794410e-01
1.536734693877551017e+00 -2.825950643663722950e+00 6.999047389713308753e-01
1.555102040816326525e+00 -2.789824907914979946e+00 7.681418262423418408e-01
1.573469387755102034e+00 -2.765468017380948496e+00 7.873586957082531201e-01
1.591836734693877542e+00 -2.720265732603336151e+00 7.922988372564871984e-01
1.610204081632653050e+00 -2.650357726258427693e+00 7.801643135604692247e-01
1.628571428571428559e+00 -2.561992171367040161e+00 7.277117010349732906e-01
1.646938775510204067e+00 -2.688156927885726244e+00 5.831435010370985550e-01
1.665306122448979576e+00 -2.783758913687162106e+00 9.414899555414438792e-01
1.683673469387755084e+00 -2.520829481949746764e+00 9.777689872233202850e-01
1.702040816326530592e+00 -2.372209967185441304e+00 9.510994128495378064e-01
1.720408163265306101e+00 -2.252424397315767823e+00 9.237045591951716927e-01
1.738775510204081609e+00 -2.133162974834403425e+00 9.104321225026806852e-01
1.757142857142857117e+00 -2.003284951389629587e+00 9.102789101313416564e-01
1.775510204081632626e+00 -1.856199776651308531e+00 9.203083364038830982e-01
1.793877551020408134e+00 -1.680957394293561391e+00 9.404886994281479451e-01
1.812244897959183643e+00 -1.448835670173856505e+00 9.732195657355444673e-01
1.830612244897959151e+00 -1.013794115904704585e+00 9.822922796108289889e-01
1.848979591836734659e+00 -1.546599826114053666e+00 3.693093565378445242e-01
1.867346938775510168e+00 -9.137550712907153150e-01 4.517654259626766033e-01
1.885714285714285676e+00 -1.402565051184576417e+00 8.758188406227550571e-01
1.904081632653061185e+00 -7.275160353987958350e-01 9.546615044932417193e-01
1.922448979591836693e+00 -2.518119623549114894e-01 9.242780722716663622e-01
1.940816326530612201e+00 2.245418792649694906e-01 8.878446054093910300e-01
1.959183673469387710e+00 7.095026289599974945e-01 8.540495529688597598e-01
1.977551020408163218e+00 1.188763412377091155e+00 8.306745949962872633e-01
1.995918367346938727e+00 1.647390237756464648e+00 8.210547063115710698e-01
2.014285714285714235e+00 2.061093851760371631e+00 8.263037915138752298e-01
2.032653061224489743e+00 2.365223584016185931e+00 8.564561779489580085e-01
2.051020408163265252e+00 2.783136473856886894e+00 9.526772920369036557e-01
2.069387755102040760e+00 4.163409081284770608e+00 7.184391302903290200e-01
2.087755102040816269e+00 4.543327627063441732e+00 7.881007034179207116e-01
2.106122448979591777e+00 4.887498538547280447e+00 8.153513320609961923e-01
2.124489795918367285e+00 5.234583729392930707e+00 8.381735488845891702e-01
2.142857142857142794e+00 5.561685122118454672e+00 8.455664577325825437e-01
2.161224489795918302e+00 5.984027109786143050e+00 6.682724528825764176e-01
2.179591836734693810e+00 6.251317530399139955e+00 5.630531259876860872e-01
2.197959183673469319e+00 6.483984915005724936e+00 7.939608632263094323e-01
2.216326530612244827e+00 7.039017790950738096e+00 9.078104500890761264e-01
2.234693877551020336e+00 7.510965767405712867e+00 8.367975662947183535e-01
2.253061224489795844e+00 7.476142440287600444e+00 7.258219732707228422e-01
2.271428571428571352e+00 7.766022349445941053e+00 7.871971679211011708e-01
2.289795918367346861e+00 7.992247882830462835e+00 7.987961718875288275e-01
2.308163265306122369e+00 8.190658728974351988e+00 7.936962792194529603e-01
2.326530612244897878e+00 8.181324164951266908e+00 6.604171683741232313e-01
2.344897959183673386e+00 8.343787609026374952e+00 7.417854201210889453e-01
2.363265306122448894e+00 8.490471417050702740e+00 7.882895171694076497e-01
2.381632653061224403e+00 8.649838191856392910e+00 8.370367221854669859e-01
2.399999999999999911e+00 8.923250935041595611e+00 8.812404777862629102e-01
