1.500000000000000000e+00 1.919280051843708567e-03 8.192571865007780563e-01
1.518367346938775508e+00 7.128177969020191296e-02 9.174265989703908053e-01
1.536734693877551017e+00 2.502051285640631839e-01 9.313880387131800997e-01
1.555102040816326525e+00 4.317399956748021461e-01 9.204182006986606490e-01
1.573469387755102034e+00 6.184817431068843074e-01 9.051932347777066346e-01
1.591836734693877542e+00 8.572426077661789989e-01 8.392267719225181555e-01
1.610204081632653050e+00 1.164168718137457592e+00 7.840728366837446117e-01
1.628571428571428559e+00 1.364053457799639713e+00 7.656826198665078742e-01
1.646938775510204067e+00 1.604665686230197785e+00 7.457493015908553957e-01
1.665306122448979576e+00 1.852964974354057048e+00 7.229052136852038846e-01
1.683673469387755084e+00 1.713976743913029788e+00 7.788977608028255784e-01
1.702040816326530592e+00 2.414504001435782143e+00 7.858488812836278425e-01
1.720408163265306101e+00 3.507127005831996325e+00 7.405616343787639888e-01
1.738775510204081609e+00 4.136134041558035435e+00 8.257371464534715155e-01
1.757142857142857117e+00 4.737041825565027509e+00 8.709187078973313900e-01
1.775510204081632626e+00 5.142610088454144801e+00 8.605976978269603839e-01
1.793877551020408134e+00 5.452957913263969836e+00 8.891913156470931945e-01
1.812244897959183643e+00 5.760333504227516777e+00 8.984087394338869936e-01
1.830612244897959151e+00 6.352194545945918591e+00 8.912423217694683819e-01
1.848979591836734659e+00 7.380540446538363497e+00 5.803897414274579170e-01
1.867346938775510168e+00 6.434482727606049224e+00 8.111584622427174818e-01
1.885714285714285676e+00 6.894338091353782616e+00 8.527749078254965864e-01
1.904081632653061185e+00 7.492130168165706650e+00 8.958005489547340439e-01
1.922448979591836693e+00 8.542800309158756988e+00 9.193538395409702746e-01
1.940816326530612201e+00 1.008943649937134168e+01 7.981472529111131031e-01
1.959183673469387710e+00 1.042410599221782164e+01 6.589818117497039385e-01
1.977551020408163218e+00 1.047421754402924776e+01 7.614031775879872566e-01
1.995918367346938727e+00 1.126555661118614537e+01 8.594861153871721227e-01
2.014285714285714235e+00 1.149569560402896684e+01 9.714947673915514947e-01
2.032653061224489743e+00 1.161310582164830763e+01 9.440386984731516939e-01
2.051020408163265252e+00 1.177399188511422778e+01 9.326656510290940449e-01
2.069387755102040760e+00 1.247288264400786773e+01 8.450372323698501775e-01
2.087755102040816269e+00 1.163522561819376122e+01 8.808261558164877103e-01
2.106122448979591777e+00 1.211012008361767478e+01 8.951759521201440029e-01
2.124489795918367285e+00 1.178534783342235670e+01 8.811310363472368845e-01
2.142857142857142794e+00 1.186850916957037505e+01 8.590367545019323980e-01
2.161224489795918302e+00 1.217172222893532130e+01 8.463455552630120282e-01
2.179591836734693810e+00 1.207472281896650834e+01 6.959876458466333071e-01
2.197959183673469319e+00 1.176039459294749179e+01 8.253249895310109663e-01
2.216326530612244827e+00 1.247402525838556109e+01 7.714917212433395344e-01
2.234693877551020336e+00 1.264619961654238978e+01 7.473935643346756308e-01
2.253061224489795844e+00 1.286435457769265334e+01 8.379689191120925917e-01
2.271428571428571352e+00 1.297742879623744372e+01 8.586742476716280326e-01
2.289795918367346861e+00 1.313391706382257951e+01 8.170608819168980741e-01
2.308163265306122369e+00 1.351232235198201259e+01 6.291570159847347243e-01
2.326530612244897878e+00 1.292945265253251463e+01 6.470903684062259131e-01
2.344897959183673386e+00 1.255941819256296021e+01 6.272704937932241931e-01
2.363265306122448894e+00 1.267333406320557287e+01 5.587033413199550269e-01
2.381632653061224403e+00 1.350164198203546739e+01 5.914422858759667001e-01
2.399999999999999911e+00 1.384579978732281269e+01 7.664727382010080303e-01
