1.500000000000000000e+00 2.086198414982522120e+00 6.984602409668330125e-01
1.518367346938775508e+00 2.669640306986947209e+00 5.951686531578871397e-01
1.536734693877551017e+00 4.508520902434998590e+00 5.384630786302506689e-01
1.555102040816326525e+00 1.421813530435004802e+00 8.161572901645665068e-01
1.573469387755102034e+00 1.674321743300741128e+00 7.070490459816138884e-01
1.591836734693877542e+00 2.075923668892590168e+00 7.376959074646296521e-01
1.610204081632653050e+00 2.065219775432727722e+00 8.071500387607187799e-01
1.628571428571428559e+00 2.195607516079098875e+00 8.031817307312718590e-01
1.646938775510204067e+00 1.626936470917586197e+00 7.952773775105130838e-01
1.665306122448979576e+00 2.194921058235377309e+00 8.879806459772826566e-01
1.683673469387755084e+00 2.161768738480435825e+00 8.375520181430575750e-01
1.702040816326530592e+00 2.334976438095893059e+00 8.400104098857786861e-01
1.720408163265306101e+00 2.361855972356932121e+00 8.311423301302756084e-01
1.738775510204081609e+00 2.465663708985149416e+00 8.290961319419418718e-01
1.757142857142857117e+00 2.628130327422089962e+00 7.545418198227578088e-01
1.775510204081632626e+00 2.239419735881845064e+00 8.857570993159941120e-01
1.793877551020408134e+00 2.508807438603571249e+00 8.759604628993541420e-01
1.812244897959183643e+00 2.820463476104386302e+00 8.443886563901645825e-01
1.830612244897959151e+00 2.534293305096328108e+00 7.397288651572708762e-01
1.848979591836734659e+00 2.225265313814365875e+00 6.525836951400914021e-01
1.867346938775510168e+00 2.453264233910608549e+00 7.348755154916174481e-01
1.885714285714285676e+00 2.519928309668491906e+00 7.306720453199794241e-01
1.904081632653061185e+00 2.763654637769277667e+00 9.147143342606239846e-01
1.922448979591836693e+00 4.716763058118665697e+00 7.435963865797402539e-01
1.940816326530612201e+00 2.240689489742632379e+00 8.324727030278586959e-01
1.959183673469387710e+00 2.292275544483727945e+00 9.075772209490331477e-01
1.977551020408163218e+00 2.391715977094108769e+00 9.139722145231977679e-01
1.995918367346938727e+00 2.357145649503614937e+00 8.617969417842916702e-01
2.014285714285714235e+00 2.478308797883122416e+00 9.113108361411490499e-01
2.032653061224489743e+00 2.582821124793659884e+00 9.263163108441526683e-01
2.051020408163265252e+00 2.762269327763010374e+00 9.222909354959025752e-01
2.069387755102040760e+00 1.916522636322693263e+00 6.108946554937343398e-01
2.087755102040816269e+00 2.182066633809383926e+00 8.718077564553081693e-01
2.106122448979591777e+00 2.375711954060142350e+00 9.439262011118842999e-01
2.124489795918367285e+00 2.621333473470390807e+00 8.698171562456037398e-01
2.142857142857142794e+00 2.669543819492376180e+00 8.401211830398569447e-01
2.161224489795918302e+00 2.827652872926553318e+00 8.934719163785190821e-01
2.179591836734693810e+00 3.010841008077948633e+00 9.008964407003117181e-01
2.197959183673469319e+00 3.305648545773233415e+00 8.795578970095920823e-01
2.216326530612244827e+00 3.892878679663380748e+00 7.481532204718699397e-01
2.234693877551020336e+00 7.019963486109186412e+00 5.848770418208849575e-01
2.253061224489795844e+00 8.732937370833276702e+00 7.827521081953303650e-01
2.271428571428571352e+00 9.103742489963655871e+00 5.574829505049718748e-01
2.289795918367346861e+00 9.307323495910782896e+00 8.896929068648929961e-01
2.308163265306122369e+00 9.558645269436064851e+00 9.045914754039802164e-01
2.326530612244897878e+00 1.041058520689423261e+01 6.241352566301604510e-01
2.344897959183673386e+00 9.536144100656562372e+00 7.753574281887678499e-01
2.363265306122448894e+00 1.007990837832878306e+01 7.498172811963073059e-01
2.381632653061224403e+00 9.213422826737883042e+00 6.831399817014432996e-01
2.399999999999999911e+00 9.383772826287847479e+00 9.025046851492106725e-01
