1.500000000000000000e+00 -1.596928666288592646e+00 8.906004436563897952e-01
1.518367346938775508e+00 -1.188339726375616578e+00 8.786017799046536014e-01
1.536734693877551017e+00 -9.363709982977407309e-01 9.134299009324402530e-01
1.555102040816326525e+00 -7.600180613554327058e-01 8.967964553355911583e-01
1.573469387755102034e+00 -6.135696379748485363e-01 8.207362408058519465e-01
1.591836734693877542e+00 -2.337282846667572966e-01 6.386019661719529728e-01
1.610204081632653050e+00 -3.031531883087066337e+00 5.289623136928556235e-01
1.628571428571428559e+00 -1.367559090026440272e+00 7.998999916261566590e-01
1.646938775510204067e+00 -1.368159101515567411e+00 7.934475326435252995e-01
1.665306122448979576e+00 -1.804002514388404421e+00 7.384745487341821679e-01
1.683673469387755084e+00 -1.347379408645306809e+00 8.258819652460827054e-01
1.702040816326530592e+00 -1.236987876050671620e+00 9.162117659069076714e-01
1.720408163265306101e+00 -1.364685669366141330e+00 7.564313910162757670e-01
1.738775510204081609e+00 -1.202988601980827577e+00 8.766247692707468397e-01
1.757142857142857117e+00 -1.525571403389892833e+00 9.058013054209015369e-01
1.775510204081632626e+00 -1.292286268846450037e+00 8.672304705424800364e-01
1.793877551020408134e+00 -1.483439413041780286e+00 8.076488919832215396e-01
1.812244897959183643e+00 -1.262678489183012065e+00 8.984314303992977369e-01
1.830612244897959151e+00 -1.154012885958452639e+00 8.778675196625554955e-01
1.848979591836734659e+00 -1.037379811391297313e+00 8.852955905737807107e-01
1.867346938775510168e+00 -7.713038602405237754e-01 9.541982938742956666e-01
1.885714285714285676e+00 -8.042336268945966538e-01 9.260031024987011028e-01
1.904081632653061185e+00 -8.919605666732991489e-01 8.543244005141023001e-01
1.922448979591836693e+00 -6.291793118448052446e-01 8.916168749853086162e-01
1.940816326530612201e+00 -5.530499065508386741e-02 5.283416169639274518e-01
1.959183673469387710e+00 -9.179385713267158575e-01 7.388250304788943623e-01
1.977551020408163218e+00 -7.140113447749478759e-01 8.075351464867247531e-01
1.995918367346938727e+00 -5.585010569622199661e-01 7.061391724377954482e-01
2.014285714285714235e+00 -5.805151367635308368e-01 7.001101655747759001e-01
2.032653061224489743e+00 5.493047771546569757e-01 5.635680011542222312e-01
2.051020408163265252e+00 -1.337227323026236370e+00 8.638422608973930217e-01
2.069387755102040760e+00 -1.519084441719139367e+00 7.638348696658976422e-01
2.087755102040816269e+00 -7.904300960283675570e-01 7.487344449105163280e-01
2.106122448979591777e+00 3.911774282489018928e-01 6.152295770070108638e-01
2.124489795918367285e+00 -1.977648494969548087e+00 6.859454190462126455e-01
2.142857142857142794e+00 -2.225439586157953453e+00 6.350191856590202688e-01
2.161224489795918302e+00 -1.929678627924435785e+00 6.725562637428088575e-01
2.179591836734693810e+00 -1.702760831898789906e+00 7.902269216441960564e-01
2.197959183673469319e+00 -1.416570932393526272e+00 7.960881581054388700e-01
2.216326530612244827e+00 -1.207396195557741914e+00 7.893468237531179321e-01
2.234693877551020336e+00 -1.006552347336291842e+00 7.550224292424064787e-01
2.253061224489795844e+00 -1.317117492395670109e+00 7.428898062166801042e-01
2.271428571428571352e+00 -7.033019201037689072e-01 8.397089288819866715e-01
2.289795918367346861e+00 -3.241880242556623437e-01 8.798934776341040820e-01
2.308163265306122369e+00 2.489856348216648030e-01 7.302726291078147636e-01
2.326530612244897878e+00 6.887960099447237861e-01 7.090828167798767234e-01
2.344897959183673386e+00 4.744686207784543641e-01 5.746546754147723313e-01
2.363265306122448894e+00 3.364341398171561970e+00 7.533067552166139436e-01
2.381632653061224403e+00 5.061901066475240185e+00 8.239175705678631889e-01
2.399999999999999911e+00 5.888159017096165293e+00 7.975953512121763955e-01
