1.500000000000000000e+00 1.892199293388301173e+00 5.797060478388625926e-01
1.518367346938775508e+00 1.834864492292191507e+00 5.543080635006556456e-01
1.536734693877551017e+00 1.205610073623979428e+00 4.853787203928738858e-01
1.555102040816326525e+00 1.391253813905703796e+00 7.628590802907945223e-01
1.573469387755102034e+00 1.502307836226415061e+00 8.097915949135285896e-01
1.591836734693877542e+00 1.656701179187155759e+00 8.948623333179867023e-01
1.610204081632653050e+00 1.793881962762422955e+00 9.210771295630999500e-01
1.628571428571428559e+00 1.862337242995112385e+00 9.083219619504482312e-01
1.646938775510204067e+00 1.871044541995224186e+00 8.909322813696528565e-01
1.665306122448979576e+00 1.956233605477615267e+00 8.863733278791867676e-01
1.683673469387755084e+00 1.908596490533103429e+00 7.847057900848386502e-01
1.702040816326530592e+00 1.846947969846261861e+00 8.066606368928125326e-01
1.720408163265306101e+00 1.929012717161936674e+00 8.359421233497756898e-01
1.738775510204081609e+00 2.016684373861289181e+00 8.801987767343264490e-01
1.757142857142857117e+00 2.115074184544531555e+00 9.185381467333462169e-01
1.775510204081632626e+00 2.285953041140295738e+00 9.105177025746541419e-01
1.793877551020408134e+00 2.352857281469407980e+00 8.290294008392546932e-01
1.812244897959183643e+00 2.407976584495661765e+00 8.364153563623697440e-01
1.830612244897959151e+00 2.525252306792584278e+00 8.591705469093274816e-01
1.848979591836734659e+00 2.647163773595419212e+00 8.691863942825291955e-01
1.867346938775510168e+00 2.802556402216056064e+00 8.870010136835174697e-01
1.885714285714285676e+00 3.049857021348911790e+00 8.363707437620246932e-01
1.904081632653061185e+00 3.318906789074096864e+00 7.769513097077306307e-01
1.922448979591836693e+00 3.083409852857906586e+00 6.901207530505752974e-01
1.940816326530612201e+00 3.146851698177448142e+00 6.995405620873622610e-01
1.959183673469387710e+00 3.200381151275750735e+00 8.212255955179281752e-01
1.977551020408163218e+00 3.448046071980866767e+00 8.804607646517603747e-01
1.995918367346938727e+00 3.862096050313147177e+00 8.876378506240245603e-01
2.014285714285714235e+00 5.028134200998619185e+00 5.506931778644443831e-01
2.032653061224489743e+00 6.492182059436195196e+00 4.595213415677102398e-01
2.051020408163265252e+00 9.319272042871720174e+00 6.380379365764001776e-01
2.069387755102040760e+00 9.523863240404445207e+00 7.082101326827974219e-01
2.087755102040816269e+00 9.337952643517727580e+00 6.805935165626442185e-01
2.106122448979591777e+00 9.042821271116611825e+00 7.155754391546731430e-01
2.124489795918367285e+00 8.662849635520336378e+00 6.996574556055007443e-01
2.142857142857142794e+00 8.873653040911060330e+00 5.669108218423070111e-01
2.161224489795918302e+00 8.594679460196084975e+00 3.517115806377439369e-01
2.179591836734693810e+00 8.639197269722819428e+00 5.356160729569461321e-01
2.197959183673469319e+00 9.237167915608496926e+00 6.967846565049825580e-01
2.216326530612244827e+00 9.690542321532303660e+00 8.416272296069254866e-01
2.234693877551020336e+00 1.003823569147455785e+01 9.289098631823556884e-01
2.253061224489795844e+00 1.036402729976211567e+01 9.191581700164864754e-01
2.271428571428571352e+00 1.020095688448514082e+01 8.469035703874245868e-01
2.289795918367346861e+00 1.071800991521044999e+01 8.821471731441007380e-01
2.308163265306122369e+00 1.115785143097091314e+01 9.201863668442616939e-01
2.326530612244897878e+00 1.145569928222792022e+01 8.912665554651555411e-01
2.344897959183673386e+00 1.147592207050336732e+01 8.666412247596666507e-01
2.363265306122448894e+00 1.180965681106267340e+01 8.221570421439478027e-01
2.381632653061224403e+00 1.207271117454804710e+01 8.337163402911190735e-01
2.399999999999999911e+00 1.233402676468908687e+01 8.036474548584937594e-01
