1.500000000000000000e+00 9.472793698799222839e-02 8.562036434891524550e-01
1.518367346938775508e+00 7.523009638005929700e-01 8.059650125953269351e-01
1.536734693877551017e+00 1.962302961204365759e-01 7.741255583017523367e-01
1.555102040816326525e+00 -5.795897129206929455e-01 5.274107021053594524e-01
1.573469387755102034e+00 1.608812587438668285e-01 6.840158002805396542e-01
1.591836734693877542e+00 -5.662460782444296292e-01 8.319804184654560064e-01
1.610204081632653050e+00 -6.678387715811681113e-01 9.368471543857814776e-01
1.628571428571428559e+00 -4.420651379385162616e-01 9.512181534784919235e-01
1.646938775510204067e+00 1.365950176500644597e-01 9.458528594937574141e-01
1.665306122448979576e+00 -1.171886001646496034e-01 8.939471436884532940e-01
1.683673469387755084e+00 -1.583105056848281289e-01 8.360040909351358351e-01
1.702040816326530592e+00 -5.100794478383126052e-01 9.749407578390841822e-01
1.720408163265306101e+00 -2.304455593791935875e-01 9.158122332629157203e-01
1.738775510204081609e+00 1.817987871294798330e-01 7.792921660048884869e-01
1.757142857142857117e+00 -1.298625996384011327e-01 9.372721660303102720e-01
1.775510204081632626e+00 -2.708627715134162561e-01 9.184925164039235979e-01
1.793877551020408134e+00 2.822102371329419587e-02 9.370305708456102556e-01
1.812244897959183643e+00 2.420334024484712132e-01 9.133649570484004832e-01
1.830612244897959151e+00 3.772666403576742100e-01 8.505945742150268218e-01
1.848979591836734659e+00 3.435492698015575885e-01 7.706474411335532126e-01
1.867346938775510168e+00 3.029484622538328731e-01 8.932029661966831569e-01
1.885714285714285676e+00 7.391983550542106096e-01 8.489701473356257022e-01
1.904081632653061185e+00 2.219439149543859902e+00 6.947218643281707351e-01
1.922448979591836693e+00 -2.820904652991990114e-02 6.867711902870538010e-01
1.940816326530612201e+00 -6.358220560585966519e-01 4.952203424095026341e-01
1.959183673469387710e+00 3.779002480476086490e-03 7.457337999272241058e-01
1.977551020408163218e+00 1.026833389830433679e-01 7.661095490699694199e-01
1.995918367346938727e+00 -3.806632461702580406e-02 9.211929070489064397e-01
2.014285714285714235e+00 -6.357201104469902830e-01 8.529471497838067018e-01
2.032653061224489743e+00 2.130773921086893258e-02 8.908750483381590035e-01
2.051020408163265252e+00 -1.662656545739093494e-01 6.786786038933796394e-01
2.069387755102040760e+00 -4.565526317923216393e-01 6.916018995145060133e-01
2.087755102040816269e+00 1.873348925683153976e-01 6.604330250424924609e-01
2.106122448979591777e+00 -2.714119312509115090e-01 7.528290412858885672e-01
2.124489795918367285e+00 -1.466546804776349411e-01 7.393197378215973226e-01
2.142857142857142794e+00 -7.143227112531355671e-02 8.311374954164558737e-01
2.161224489795918302e+00 1.553577639839407720e-01 8.364651742168875970e-01
2.179591836734693810e+00 3.693494415011506771e-01 8.126592035664045310e-01
2.197959183673469319e+00 5.762381800393255871e-01 7.095506196388784437e-01
2.216326530612244827e+00 9.378188550504372722e-01 7.429764936986537061e-01
2.234693877551020336e+00 7.343128288470810450e-01 6.867949358410470051e-01
2.253061224489795844e+00 1.750844199133531731e+00 6.639720707533784960e-01
2.271428571428571352e+00 2.014095605027170333e+00 6.233107111285484114e-01
2.289795918367346861e+00 1.829663641394269069e-01 6.105609377698982820e-01
2.308163265306122369e+00 -3.390880351828509109e-01 6.750876467876213427e-01
2.326530612244897878e+00 5.926448209491835817e-01 7.211480820686406723e-01
2.344897959183673386e+00 1.448373233756601985e+00 3.930731385363349650e-01
2.363265306122448894e+00 1.264388186207245246e+00 6.279749762218944653e-01
2.381632653061224403e+00 7.205428553872884612e-01 4.938697847649471395e-01
2.399999999999999911e+00 1.161395537544724910e+00 6.688201534160514994e-01
