1.500000000000000000e+00 -8.836602504015753645e-01 8.783562511971316766e-01
1.518367346938775508e+00 -1.246835918157036815e-01 8.930816002700041611e-01
1.536734693877551017e+00 7.204654512043282555e-01 8.863051656087312935e-01
1.555102040816326525e+00 1.498081053374199945e+00 8.024111212975277851e-01
1.573469387755102034e+00 1.524651982433075759e+00 9.115582845636025500e-01
1.591836734693877542e+00 1.931148791901678097e+00 9.295930438928695638e-01
1.610204081632653050e+00 2.329841977119865515e+00 8.718102281797168729e-01
1.628571428571428559e+00 2.469518595644692116e+00 9.005542730242037663e-01
1.646938775510204067e+00 3.039173378327347574e+00 8.866768926856850586e-01
1.665306122448979576e+00 3.559849439771120672e+00 9.341940834238254832e-01
1.683673469387755084e+00 5.897223044836795047e+00 6.588689579062344537e-01
1.702040816326530592e+00 8.631539418946331921e+00 4.908672189328814328e-01
1.720408163265306101e+00 6.580222335644543286e+00 5.579568176301249460e-01
1.738775510204081609e+00 7.121483838366831520e+00 6.814075355519350063e-01
1.757142857142857117e+00 8.010848780049498075e+00 8.013207541691257374e-01
1.775510204081632626e+00 8.019226522865148254e+00 7.326360807643365058e-01
1.793877551020408134e+00 8.165923083191808374e+00 7.782631255265612946e-01
1.812244897959183643e+00 8.400821593768869278e+00 8.078129680242724930e-01
1.830612244897959151e+00 8.507263291279292261e+00 7.980154208092576917e-01
1.848979591836734659e+00 8.650394663826913799e+00 7.466184575074488183e-01
1.867346938775510168e+00 8.365600155813632810e+00 7.826610280465118308e-01
1.885714285714285676e+00 7.968746028879627907e+00 2.358996253571719048e-01
1.904081632653061185e+00 8.496382841821048970e+00 7.439015505735371292e-01
1.922448979591836693e+00 8.555658716427949173e+00 8.141606435656639773e-01
1.940816326530612201e+00 8.681251502044254664e+00 7.938654397316178279e-01
1.959183673469387710e+00 8.698427904672556110e+00 8.946409232917751364e-01
1.977551020408163218e+00 8.847859730511164145e+00 9.194341096615582520e-01
1.995918367346938727e+00 9.103351868218148013e+00 9.449384286422668477e-01
2.014285714285714235e+00 9.032952091430940911e+00 7.505591862724602104e-01
2.032653061224489743e+00 9.145499492793520702e+00 8.316777572841174138e-01
2.051020408163265252e+00 9.638229655257596562e+00 6.460390123244633687e-01
2.069387755102040760e+00 1.035642444192490430e+01 4.441029918409901689e-01
2.087755102040816269e+00 8.902451740867920904e+00 7.437822286620421330e-01
2.106122448979591777e+00 9.564350702736900800e+00 7.360027558620445554e-01
2.124489795918367285e+00 9.507370347474193295e+00 5.742047682312566570e-01
2.142857142857142794e+00 9.053192736262127838e+00 9.026498892899901261e-01
2.161224489795918302e+00 9.246557689238089850e+00 8.990439573247618332e-01
2.179591836734693810e+00 9.360212707006501986e+00 8.032814578383102866e-01
2.197959183673469319e+00 9.844670303017005963e+00 8.319204009461113047e-01
2.216326530612244827e+00 8.071078928540199371e+00 5.692202786076472343e-01
2.234693877551020336e+00 8.760191045223145068e+00 5.685222870318232813e-01
2.253061224489795844e+00 8.646298108555718898e+00 4.634358235051839192e-01
2.271428571428571352e+00 8.453783715833717238e+00 4.327126628185784529e-01
2.289795918367346861e+00 8.602372739668794566e+00 8.594275936557183027e-01
2.308163265306122369e+00 8.757634655829981796e+00 7.003517106089387489e-01
2.326530612244897878e+00 8.831374232279163294e+00 6.624228147508220976e-01
2.344897959183673386e+00 8.768014028128002124e+00 7.036195399657361182e-01
2.363265306122448894e+00 9.027866361622855607e+00 7.685120095240862703e-01
2.381632653061224403e+00 9.177827862576997120e+00 7.420442165512172172e-01
2.399999999999999911e+00 9.340133693197204323e+00 8.846176131519930541e-01
