1.500000000000000000e+00 -3.876306579609760661e-01 8.363364117134033382e-01
1.518367346938775508e+00 -3.547696317903130114e-01 9.190955690384045029e-01
1.536734693877551017e+00 -2.070348230874255180e-01 9.478137371256565302e-01
1.555102040816326525e+00 -9.673997551110979920e-03 9.528130032217184686e-01
1.573469387755102034e+00 2.265438517656802042e-01 8.563867731290178975e-01
1.591836734693877542e+00 5.611064002697356834e-01 7.685181354848859003e-01
1.610204081632653050e+00 8.924367823143970480e-01 6.903285395060351215e-01
1.628571428571428559e+00 8.486973537070977569e-01 6.515336906242710224e-01
1.646938775510204067e+00 5.918726418287828528e-01 6.714014672250752103e-01
1.665306122448979576e+00 8.870941338744398053e-01 6.936717330569157625e-01
1.683673469387755084e+00 8.785287286298136822e-01 7.600085284704501953e-01
1.702040816326530592e+00 1.752271630314364170e+00 8.154439813037978046e-01
1.720408163265306101e+00 3.384868152602297453e+00 6.462019658037164715e-01
1.738775510204081609e+00 3.932077523160627308e+00 8.411886340301747422e-01
1.757142857142857117e+00 4.690484540501199895e+00 8.349973228644689272e-01
1.775510204081632626e+00 4.915921187814763726e+00 8.351934204976253495e-01
1.793877551020408134e+00 5.122269099396671521e+00 8.885081636494877033e-01
1.812244897959183643e+00 5.371750545226407603e+00 8.325728700589688502e-01
1.830612244897959151e+00 6.106083047473659597e+00 9.003272026066430067e-01
1.848979591836734659e+00 6.582636941286105881e+00 8.782519008882817557e-01
1.867346938775510168e+00 6.230179536325975320e+00 8.164628030437302009e-01
1.885714285714285676e+00 6.475439873144281044e+00 8.816293395377771125e-01
1.904081632653061185e+00 6.957938454453608479e+00 9.170372046252474041e-01
1.922448979591836693e+00 7.351351142255349025e+00 9.447323163635252818e-01
1.940816326530612201e+00 7.766167322484157864e+00 7.502180630943885431e-01
1.959183673469387710e+00 9.134035304110177833e+00 7.243530584533209860e-01
1.977551020408163218e+00 1.035860517786963619e+01 5.147706388775001862e-01
1.995918367346938727e+00 1.193888062627004842e+01 8.463566239118870405e-01
2.014285714285714235e+00 1.017174729643245001e+01 4.719184818066219367e-01
2.032653061224489743e+00 1.072093844229211612e+01 6.398253633512251959e-01
2.051020408163265252e+00 1.134444683781264551e+01 7.724928669583684959e-01
2.069387755102040760e+00 1.214442699361452682e+01 9.592271643485684729e-01
2.087755102040816269e+00 1.292053747270617237e+01 8.286535577332523328e-01
2.106122448979591777e+00 1.041811441622865253e+01 6.248014319081496293e-01
2.124489795918367285e+00 1.071439900784539390e+01 5.370747583761036337e-01
2.142857142857142794e+00 1.093190063335927675e+01 5.478141622773305963e-01
2.161224489795918302e+00 1.124032183419514652e+01 6.631367951853813780e-01
2.179591836734693810e+00 1.184620002713445963e+01 4.173268533767535149e-01
2.197959183673469319e+00 1.121481962424037526e+01 5.815086198152270569e-01
2.216326530612244827e+00 1.202771704282182696e+01 5.350198151487400855e-01
2.234693877551020336e+00 1.237425396402579381e+01 5.144354951463820935e-01
2.253061224489795844e+00 1.252851956490576946e+01 6.267455544392480649e-01
2.271428571428571352e+00 1.284932923867370924e+01 5.493078877021292383e-01
2.289795918367346861e+00 1.318047705335612640e+01 3.317936561891298153e-01
2.308163265306122369e+00 1.269935263678889648e+01 2.972976883150897365e-01
2.326530612244897878e+00 1.278996687890215611e+01 4.460283031273917231e-01
2.344897959183673386e+00 1.357664200974933344e+01 5.008655820537964987e-01
2.363265306122448894e+00 1.164955546500865680e+01 6.639033632437093546e-01
2.381632653061224403e+00 1.283242068461393437e+01 8.255582757998122245e-01
2.399999999999999911e+00 1.368300230203375811e+01 8.757684524684977712e-01
