1.500000000000000000e+00 -2.792536238895138467e+00 7.929056295730938508e-01
1.518367346938775508e+00 -4.068472572223782890e+00 6.186131055842679638e-01
1.536734693877551017e+00 -4.029232405398014194e+00 8.739221283646586569e-01
1.555102040816326525e+00 -3.619761880960802980e+00 9.417012644096707241e-01
1.573469387755102034e+00 -3.407861156170161721e+00 9.755587762317222689e-01
1.591836734693877542e+00 -3.362115153906259035e+00 8.839068073688531868e-01
1.610204081632653050e+00 -3.622419113333164464e+00 6.552724351858890683e-01
1.628571428571428559e+00 -3.520576736364061876e+00 8.546010869705148449e-01
1.646938775510204067e+00 -3.347040965490647224e+00 9.031004350067292075e-01
1.665306122448979576e+00 -3.328024133348359559e+00 9.423385293560964104e-01
1.683673469387755084e+00 -3.176468477649452726e+00 9.217099843736699105e-01
1.702040816326530592e+00 -3.212858559006764647e+00 8.433555205162166502e-01
1.720408163265306101e+00 -3.334371051780691708e+00 8.272016014450758181e-01
1.738775510204081609e+00 -3.234122028504367474e+00 8.767677504935043054e-01
1.757142857142857117e+00 -3.030348109975516735e+00 8.385269354755449100e-01
1.775510204081632626e+00 -2.852971227037477409e+00 8.264666643051911121e-01
1.793877551020408134e+00 -2.879458556779542544e+00 7.599855575440349620e-01
1.812244897959183643e+00 -3.014883676717535543e+00 9.162765026995699502e-01
1.830612244897959151e+00 -2.677489552122925609e+00 8.917224139758888057e-01
1.848979591836734659e+00 -2.270581868808039694e+00 8.851279330031837089e-01
1.867346938775510168e+00 -3.895766823555704583e+00 6.826443959116587079e-01
1.885714285714285676e+00 -3.203593779795373298e+00 8.294288869900691141e-01
1.904081632653061185e+00 -3.051160959261836947e+00 8.150353922998626599e-01
1.922448979591836693e+00 -3.057389866102635967e+00 7.677756407727018839e-01
1.940816326530612201e+00 -3.091484717448095942e+00 8.253002520572335632e-01
1.959183673469387710e+00 -3.292223971178148023e+00 9.094605317617420193e-01
1.977551020408163218e+00 -3.377008262113023740e+00 8.279636967847294748e-01
1.995918367346938727e+00 -3.304038093024674438e+00 8.157344059435289729e-01
2.014285714285714235e+00 -3.369375787215977525e+00 8.463367338274901952e-01
2.032653061224489743e+00 -3.480226817753236279e+00 6.730735858810783512e-01
2.051020408163265252e+00 -3.401551035479704499e+00 7.884260436185885901e-01
2.069387755102040760e+00 -3.275991385696992886e+00 9.015973169251821906e-01
2.087755102040816269e+00 -3.098100065693751848e+00 8.820590656789150108e-01
2.106122448979591777e+00 -2.892324097107328296e+00 7.569477667939930043e-01
2.124489795918367285e+00 -2.779612926486986435e+00 8.528057972427520728e-01
2.142857142857142794e+00 -2.577662264677190951e+00 8.307315854286194678e-01
2.161224489795918302e+00 -2.172819570409261658e+00 7.574473676788204823e-01
2.179591836734693810e+00 -1.928941822117061999e+00 7.235249999755511974e-01
2.197959183673469319e+00 -2.057790206865660831e+00 5.485383407722507210e-01
2.216326530612244827e+00 -4.207053309398670393e+00 6.554250133453207727e-01
2.234693877551020336e+00 -2.908289799309844881e+00 7.870983647747209488e-01
2.253061224489795844e+00 -2.340573931167357458e+00 7.870101843163368471e-01
2.271428571428571352e+00 -2.011548661101313584e+00 7.474870523232415298e-01
2.289795918367346861e+00 -1.382650591860175915e+00 6.967715234596962848e-01
2.308163265306122369e+00 -1.794548937946612632e+00 8.256332647420989712e-01
2.326530612244897878e+00 -8.470584997135776062e-01 8.712342043077214715e-01
2.344897959183673386e+00 -3.214907155786670412e+00 6.961074856389258825e-01
2.363265306122448894e+00 -2.197658491779344025e+00 7.522571748617802312e-01
2.381632653061224403e+00 -1.914695918337879332e+00 8.270262335942238918e-01
2.399999999999999911e+00 -9.216939207972359993e-01 8.117281076669566886e-01
