1.500000000000000000e+00 -3.092515065503227412e+00 8.700317966030958194e-01
1.518367346938775508e+00 -2.902931748055082473e+00 8.006663454441812489e-01
1.536734693877551017e+00 -2.686251124843633598e+00 8.258415133160861288e-01
1.555102040816326525e+00 -3.184079075514612445e+00 7.501301147498202759e-01
1.573469387755102034e+00 -2.007240255831155284e+00 8.452412538193260216e-01
1.591836734693877542e+00 -1.283872530914313526e+00 7.900096017643702950e-01
1.610204081632653050e+00 -5.331408160062094392e-01 8.563124474208142489e-01
1.628571428571428559e+00 1.239784788571380442e-01 8.503394918925724077e-01
1.646938775510204067e+00 6.513487303721468002e-01 8.905362046529656794e-01
1.665306122448979576e+00 8.535744791955438560e-01 8.874522732728712393e-01
1.683673469387755084e+00 1.464431257110809348e+00 9.321085900939508617e-01
1.702040816326530592e+00 1.691236685690526098e+00 8.288851351313295535e-01
1.720408163265306101e+00 1.841763096582759607e+00 8.281583846896237722e-01
1.738775510204081609e+00 2.449718010887338426e+00 8.017693257191478295e-01
1.757142857142857117e+00 2.133759322098351063e+00 6.622068945107409954e-01
1.775510204081632626e+00 4.154638773515614503e+00 8.629970567957537808e-01
1.793877551020408134e+00 5.643849713394287093e+00 5.988800293181285594e-01
1.812244897959183643e+00 5.597099894275536336e+00 5.915230340458305092e-01
1.830612244897959151e+00 5.879144553484336733e+00 6.813876048505514982e-01
1.848979591836734659e+00 6.414668570068789322e+00 8.342881236198349537e-01
1.867346938775510168e+00 7.012710730569298612e+00 8.399879310940757682e-01
1.885714285714285676e+00 7.120010634338065358e+00 8.775625618876803369e-01
1.904081632653061185e+00 7.329208331744866634e+00 7.769802655665577484e-01
1.922448979591836693e+00 7.451677850668887437e+00 9.162405630526097022e-01
1.940816326530612201e+00 7.365082417317095675e+00 9.185620250719002122e-01
1.959183673469387710e+00 7.291471047664029648e+00 9.543062635463275267e-01
1.977551020408163218e+00 7.651905242665955953e+00 8.785199795100436804e-01
1.995918367346938727e+00 7.161513911412001221e+00 8.669094580227932889e-01
2.014285714285714235e+00 7.461259097483088354e+00 8.844603732491018722e-01
2.032653061224489743e+00 7.532430055656538670e+00 9.225547080932131605e-01
2.051020408163265252e+00 7.608065992444551284e+00 8.709891430206773144e-01
2.069387755102040760e+00 7.846175529463696563e+00 9.310864789586189572e-01
2.087755102040816269e+00 7.970272013382995624e+00 8.588556198009329457e-01
2.106122448979591777e+00 8.147647213268772504e+00 8.639444321974343310e-01
2.124489795918367285e+00 8.545275637950489056e+00 7.336084698076036359e-01
2.142857142857142794e+00 8.688771687052454951e+00 7.768765358124287701e-01
2.161224489795918302e+00 9.287795327710721693e+00 5.207933016021922823e-01
2.179591836734693810e+00 8.544634557804016595e+00 7.071009970631235708e-01
2.197959183673469319e+00 9.592806756321941464e+00 6.126329799739193005e-01
2.216326530612244827e+00 8.623052866810327899e+00 6.803909589695233961e-01
2.234693877551020336e+00 1.086290703295055060e+01 5.584939079066598699e-01
2.253061224489795844e+00 1.334654130191570509e+01 7.540426608355447202e-01
2.271428571428571352e+00 1.435345107080429905e+01 6.538389182520034648e-01
2.289795918367346861e+00 1.539750777162402784e+01 5.351962650654834563e-01
2.308163265306122369e+00 1.682788216886574517e+01 4.962166128837843249e-01
2.326530612244897878e+00 1.901553585566052007e+01 5.769018282087109428e-01
2.344897959183673386e+00 1.927248314356631553e+01 6.221104763585224573e-01
2.363265306122448894e+00 1.944497715744036626e+01 6.455960965922774575e-01
2.381632653061224403e+00 1.945659091229526183e+01 6.735573780034427305e-01
2.399999999999999911e+00 2.010086125030399273e+01 5.543945473759280818e-01
