1.500000000000000000e+00 2.847767003605675029e+00 9.364518343614821605e-01
1.518367346938775508e+00 2.933596049328553779e+00 9.329519882076403592e-01
1.536734693877551017e+00 2.999517547545254903e+00 9.202942401636861058e-01
1.555102040816326525e+00 3.049972753749901067e+00 9.067242500112858705e-01
1.573469387755102034e+00 3.080883580667122423e+00 8.818793380004505966e-01
1.591836734693877542e+00 3.011462408065118890e+00 7.404393170886102160e-01
1.610204081632653050e+00 3.048226003926048033e+00 7.936855270653037087e-01
1.628571428571428559e+00 3.083947047009035547e+00 8.114883402385429934e-01
1.646938775510204067e+00 3.137224219874949149e+00 8.201236694969676888e-01
1.665306122448979576e+00 3.204739415174665318e+00 8.163912591001298846e-01
1.683673469387755084e+00 3.270775828825959852e+00 7.874722227951582720e-01
1.702040816326530592e+00 3.150562506663368900e+00 7.896024983126468388e-01
1.720408163265306101e+00 3.297729124349245478e+00 9.760945744555167281e-01
1.738775510204081609e+00 3.457146442176054713e+00 9.438658639959074392e-01
1.757142857142857117e+00 3.569149434023374923e+00 9.168430563327711891e-01
1.775510204081632626e+00 3.671806732156101205e+00 8.968555547615953971e-01
1.793877551020408134e+00 3.778422390107027962e+00 8.858528415101697417e-01
1.812244897959183643e+00 3.894473685428396781e+00 8.810727128146008669e-01
1.830612244897959151e+00 4.022032398607985115e+00 8.782678578686680115e-01
1.848979591836734659e+00 4.164570499768990963e+00 8.752010983516055331e-01
1.867346938775510168e+00 4.328433139385489348e+00 8.702681616499882145e-01
1.885714285714285676e+00 4.525223779758803744e+00 8.600219338794944379e-01
1.904081632653061185e+00 4.782100315718976979e+00 8.284267592954560611e-01
1.922448979591836693e+00 5.031685332179022474e+00 5.886155240260771970e-01
1.940816326530612201e+00 4.298820782627889692e+00 6.837803540682357850e-01
1.959183673469387710e+00 5.300613320650398919e+00 9.695014055107553652e-01
1.977551020408163218e+00 5.772223462825353479e+00 9.537036802534936131e-01
1.995918367346938727e+00 6.226588447528115466e+00 9.438316014993001213e-01
2.014285714285714235e+00 6.695828696819795312e+00 9.309072944159363372e-01
2.032653061224489743e+00 7.198206102635861470e+00 9.117139208982383280e-01
2.051020408163265252e+00 7.731410077798649638e+00 8.906993111511442018e-01
2.069387755102040760e+00 8.229303284140032204e+00 8.747817571691792748e-01
2.087755102040816269e+00 8.516094471156243628e+00 8.743875955955556778e-01
2.106122448979591777e+00 8.715893012683144647e+00 9.254375509516475917e-01
2.124489795918367285e+00 9.852826267423395734e+00 7.509393083134525693e-01
2.142857142857142794e+00 1.061044656016460586e+01 8.535606288792113583e-01
2.161224489795918302e+00 1.102160258977922425e+01 9.072862700329555885e-01
2.179591836734693810e+00 1.132006720144285161e+01 9.153216912096528990e-01
2.197959183673469319e+00 1.161543135903430546e+01 9.031578040264196527e-01
2.216326530612244827e+00 1.198644040987932691e+01 7.658641262129550764e-01
2.234693877551020336e+00 1.234105904467341475e+01 6.921485096367694378e-01
2.253061224489795844e+00 1.241571798711269103e+01 6.576930688217392795e-01
2.271428571428571352e+00 1.267680436710292824e+01 9.196980691074618797e-01
2.289795918367346861e+00 1.309065809621008114e+01 9.181288373954384907e-01
2.308163265306122369e+00 1.339038598103393163e+01 8.762840180794668754e-01
2.326530612244897878e+00 1.384892153730819331e+01 8.073922562437406691e-01
2.344897959183673386e+00 1.384372380561606519e+01 8.068228358967894920e-01
2.363265306122448894e+00 1.403256774805890572e+01 7.953919038500871785e-01
2.381632653061224403e+00 1.409457436510377981e+01 6.648172954502956644e-01
2.399999999999999911e+00 1.410154563899271096e+01 6.804505003271803520e-01
