1.500000000000000000e+00 2.332340557731050978e+00 4.026491843590409569e-01
1.518367346938775508e+00 2.639024329136353764e+00 6.172674235814270549e-01
1.536734693877551017e+00 3.197072399293107381e+00 9.300292077300675864e-01
1.555102040816326525e+00 3.033134457390499694e+00 9.621725820335198520e-01
1.573469387755102034e+00 3.360984348359540519e+00 9.816292129213065598e-01
1.591836734693877542e+00 3.602735933102671151e+00 9.723371755187247834e-01
1.610204081632653050e+00 3.651588571115554238e+00 9.691130173636789413e-01
1.628571428571428559e+00 3.466692829992613856e+00 8.237683889326204989e-01
1.646938775510204067e+00 3.499200662768080061e+00 9.268464549274888498e-01
1.665306122448979576e+00 3.632868448012370077e+00 9.772097629380579464e-01
1.683673469387755084e+00 3.607732892387073065e+00 9.149007634570813785e-01
1.702040816326530592e+00 3.658684591730370528e+00 8.601652614015707909e-01
1.720408163265306101e+00 3.684858257740543319e+00 9.038529978861228331e-01
1.738775510204081609e+00 3.703068030949131284e+00 8.281633320949476351e-01
1.757142857142857117e+00 3.659838028876246430e+00 8.222132842022891186e-01
1.775510204081632626e+00 3.865881294253825651e+00 8.229179307782233943e-01
1.793877551020408134e+00 3.996997504568117421e+00 5.952849427663687853e-01
1.812244897959183643e+00 3.848002952967999768e+00 9.638382576650926792e-01
1.830612244897959151e+00 4.152472960955521764e+00 9.445490751280182229e-01
1.848979591836734659e+00 4.798657675617258533e+00 8.921754695348699249e-01
1.867346938775510168e+00 3.086030509659810850e+00 6.901713003118412626e-01
1.885714285714285676e+00 3.761053522940238647e+00 8.456770084896193529e-01
1.904081632653061185e+00 4.007933517983968130e+00 8.338290954113325437e-01
1.922448979591836693e+00 3.896649310227322083e+00 7.968927301667934060e-01
1.940816326530612201e+00 4.033923733840010684e+00 8.585124413245409647e-01
1.959183673469387710e+00 3.847728925183184323e+00 8.701067686298108450e-01
1.977551020408163218e+00 3.664336949465157200e+00 8.540852061541838181e-01
1.995918367346938727e+00 3.577806777946526573e+00 8.319935836010599051e-01
2.014285714285714235e+00 3.460315371329015566e+00 8.270895953505432718e-01
2.032653061224489743e+00 3.435868199109556098e+00 8.232567614311009363e-01
2.051020408163265252e+00 3.533783725121861785e+00 7.769292994757786008e-01
2.069387755102040760e+00 3.556281181025163107e+00 8.093264927543933895e-01
2.087755102040816269e+00 3.714918070098814251e+00 8.714116635889128659e-01
2.106122448979591777e+00 3.727510716489988329e+00 8.470350538766446835e-01
2.124489795918367285e+00 4.011530319176378256e+00 8.333281587436403015e-01
2.142857142857142794e+00 4.220316973861974574e+00 7.928571551015559660e-01
2.161224489795918302e+00 4.559253015788595320e+00 7.593448051276857624e-01
2.179591836734693810e+00 4.919262809894617838e+00 7.267282918060029573e-01
2.197959183673469319e+00 4.310030938203089690e+00 6.399695727342872287e-01
2.216326530612244827e+00 4.950806101719241070e+00 4.081176125903912544e-01
2.234693877551020336e+00 3.879710856699133625e+00 7.873914103105856821e-01
2.253061224489795844e+00 4.447290385541903923e+00 8.463934531682429929e-01
2.271428571428571352e+00 4.789243725361226112e+00 7.960964116578054250e-01
2.289795918367346861e+00 5.126301479609285394e+00 7.461348627681647638e-01
2.308163265306122369e+00 5.157114927121174475e+00 7.806126836084534837e-01
2.326530612244897878e+00 7.004363950060650268e+00 6.839112824335891183e-01
2.344897959183673386e+00 4.113821114255772571e+00 6.962388516150779250e-01
2.363265306122448894e+00 4.857886420073262101e+00 8.073247160946307455e-01
2.381632653061224403e+00 4.945591594381410161e+00 8.346728433220281795e-01
2.399999999999999911e+00 5.839467166587734681e+00 8.444370873061509686e-01
