1.500000000000000000e+00 -2.473548913398462279e+00 7.775241588606641718e-01
1.518367346938775508e+00 -2.411003554175897623e+00 7.393913008689844135e-01
1.536734693877551017e+00 -2.350557593151974878e+00 6.565494973415132440e-01
1.555102040816326525e+00 -2.454379359225341339e+00 5.424073141697696165e-01
1.573469387755102034e+00 -2.897806219187587295e+00 6.114717172585381055e-01
1.591836734693877542e+00 -2.863671306808536876e+00 6.125815343844883687e-01
1.610204081632653050e+00 -2.838435453869147196e+00 8.869823272728055708e-01
1.628571428571428559e+00 -2.570271701496516403e+00 8.971954346202478670e-01
1.646938775510204067e+00 -2.392219361755003160e+00 9.526005717639496329e-01
1.665306122448979576e+00 -2.219771324288843939e+00 9.466097194684234273e-01
1.683673469387755084e+00 -2.082021480915666967e+00 9.449673713788898644e-01
1.702040816326530592e+00 -1.862204381190778024e+00 9.465531956998357588e-01
1.720408163265306101e+00 -1.578169163662429542e+00 8.512378533507932721e-01
1.738775510204081609e+00 -1.593132483927906184e+00 6.189822796265824767e-01
1.757142857142857117e+00 -1.495880449503239618e+00 5.592858923610520838e-01
1.775510204081632626e+00 -1.344427675952250434e+00 5.331846073658925711e-01
1.793877551020408134e+00 -1.146977267863480865e+00 4.280498597008915440e-01
1.812244897959183643e+00 -2.004496231737013190e+00 3.946313794575123657e-01
1.830612244897959151e+00 -1.277576115595875805e+00 9.008863430296961683e-01
1.848979591836734659e+00 -6.183750088358774821e-01 7.684650100707963727e-01
1.867346938775510168e+00 -2.156546316329603086e-01 7.424903006782976878e-01
1.885714285714285676e+00 1.189586294390091586e-01 7.125375997730977184e-01
1.904081632653061185e+00 7.609352541009991588e-01 7.352252660952345309e-01
1.922448979591836693e+00 1.376663025576727817e+00 7.865227859515794284e-01
1.940816326530612201e+00 2.086537946835661739e+00 8.367654540522969642e-01
1.959183673469387710e+00 2.577151851910231439e+00 5.905383922319872303e-01
1.977551020408163218e+00 2.975033051554310859e+00 5.158236713975531407e-01
1.995918367346938727e+00 2.900606961781193593e+00 7.842796306188031252e-01
2.014285714285714235e+00 4.073641049280992021e+00 4.158353653495835411e-01
2.032653061224489743e+00 4.577304462673843943e+00 4.876773866432350113e-01
2.051020408163265252e+00 4.841228661897726937e+00 4.749675264427656862e-01
2.069387755102040760e+00 5.129366424488940090e+00 4.776285691808166978e-01
2.087755102040816269e+00 5.481681874025371215e+00 4.924893675262853043e-01
2.106122448979591777e+00 5.998466042104743323e+00 5.424932378558174895e-01
2.124489795918367285e+00 6.740955311999004884e+00 5.699279645730427335e-01
2.142857142857142794e+00 7.432881465646691055e+00 4.139489782484542801e-01
2.161224489795918302e+00 6.763905068262588749e+00 6.529754697983289891e-01
2.179591836734693810e+00 7.558872716614402520e+00 8.744529059437747831e-01
2.197959183673469319e+00 7.478548060323983115e+00 6.326337850096416249e-01
2.216326530612244827e+00 7.886890762030445146e+00 6.233483502463820214e-01
2.234693877551020336e+00 8.312617891897499334e+00 6.493559281982509424e-01
2.253061224489795844e+00 8.412773321352165823e+00 7.868795659864957770e-01
2.271428571428571352e+00 8.347546829216263120e+00 7.908150292412176041e-01
2.289795918367346861e+00 8.494813816702162512e+00 8.292706963067821846e-01
2.308163265306122369e+00 8.690013729884482174e+00 8.696991301126276719e-01
2.326530612244897878e+00 8.846910588296161393e+00 7.321293260512871104e-01
2.344897959183673386e+00 9.700577151376842622e+00 6.942775753884008472e-01
2.363265306122448894e+00 9.023976583584834898e+00 8.127647198611015478e-01
2.381632653061224403e+00 8.960897967811945364e+00 6.997935635151197875e-01
2.399999999999999911e+00 7.095538157126142664e+00 8.067801709141236843e-01
