1.500000000000000000e+00 4.550965989496682518e-01 9.720690907854899754e-01
1.518367346938775508e+00 5.581250059606511771e-01 9.029762371429601586e-01
1.536734693877551017e+00 6.285072026806917123e-01 8.852020784465878256e-01
1.555102040816326525e+00 1.291655334909032504e+00 9.091258524782480643e-01
1.573469387755102034e+00 1.199237154126768345e+00 6.469895478733415084e-01
1.591836734693877542e+00 -2.859006209632828366e-01 7.168378033740280264e-01
1.610204081632653050e+00 -4.761088801585828256e-01 6.520070471440956306e-01
1.628571428571428559e+00 -7.874749218957999286e-01 5.395606831463920505e-01
1.646938775510204067e+00 -3.178079415381400707e-01 8.009323877473584208e-01
1.665306122448979576e+00 -7.462152305913363759e-02 8.265745501931743844e-01
1.683673469387755084e+00 3.311672323244783112e-01 9.113664470691675845e-01
1.702040816326530592e+00 1.315892030230225718e-01 9.215246694130148075e-01
1.720408163265306101e+00 1.065759327633183928e-01 8.277993446917302212e-01
1.738775510204081609e+00 2.012548349274732584e-01 7.858158937006056721e-01
1.757142857142857117e+00 1.663499145480199504e-01 8.738276466363191775e-01
1.775510204081632626e+00 2.894952335592703152e-01 8.858375810180360022e-01
1.793877551020408134e+00 3.557194767178163408e-01 8.905855057636614669e-01
1.812244897959183643e+00 7.248462548171823450e-01 9.309594857055920603e-01
1.830612244897959151e+00 5.264015360870115678e-01 8.322457189849190584e-01
1.848979591836734659e+00 7.388715273173226405e-01 8.069541264012356496e-01
1.867346938775510168e+00 6.707628055301110281e-01 8.443375188065321835e-01
1.885714285714285676e+00 6.761734150924532116e-01 7.616790232920536141e-01
1.904081632653061185e+00 6.686181702980498187e-01 7.457744313776034639e-01
1.922448979591836693e+00 8.540679313183962007e-01 7.149099567433513380e-01
1.940816326530612201e+00 -4.871174944967954223e-02 5.951187953667198549e-01
1.959183673469387710e+00 6.122998843956338755e-01 8.122422270620449636e-01
1.977551020408163218e+00 1.594918657996846623e+00 3.605596106066924489e-01
1.995918367346938727e+00 3.182141851947547506e-01 6.349013889439053537e-01
2.014285714285714235e+00 5.044173541865283328e-01 8.595845948601502640e-01
2.032653061224489743e+00 4.963250644599443429e-01 8.670736959132420152e-01
2.051020408163265252e+00 8.502162859453974431e-01 7.797629393630869377e-01
2.069387755102040760e+00 2.129515452451228030e-01 8.597309508375501341e-01
2.087755102040816269e+00 5.116966595702361620e-02 8.525950107804459721e-01
2.106122448979591777e+00 -2.729845545797963263e-02 8.418745217179436358e-01
2.124489795918367285e+00 1.315775899821364572e-02 7.515273922731655620e-01
2.142857142857142794e+00 2.128001584640573651e-01 8.638310361514122127e-01
2.161224489795918302e+00 1.717358220417784520e-01 8.583206461812448174e-01
2.179591836734693810e+00 3.541335882390855838e-01 8.493631160164251126e-01
2.197959183673469319e+00 5.581373845464767669e-01 7.905687660636145919e-01
2.216326530612244827e+00 1.126773174567312408e+00 6.254398204250596338e-01
2.234693877551020336e+00 8.460333070004124600e-01 9.472666486309414546e-01
2.253061224489795844e+00 1.094017856361138907e+00 9.748831119432694869e-01
2.271428571428571352e+00 2.447481029907039307e+00 6.292504605005386775e-01
2.289795918367346861e+00 -5.824767252054063871e-01 5.689302884785411019e-01
2.308163265306122369e+00 8.588024583956097580e-01 6.646192537684412205e-01
2.326530612244897878e+00 -5.248672881357079323e-01 7.502889575325677463e-01
2.344897959183673386e+00 -1.522998707024701137e-01 7.069339371155465290e-01
2.363265306122448894e+00 3.060564162435109870e-01 8.875374108400140294e-01
2.381632653061224403e+00 1.817566810844775338e+00 6.949539898047744080e-01
2.399999999999999911e+00 3.563131654994532216e+00 7.281225935751685086e-01
