1.500000000000000000e+00 -1.894063799991496877e+00 7.777592180355388241e-01
1.518367346938775508e+00 -1.649708781669892987e+00 8.784381318522961335e-01
1.536734693877551017e+00 -1.459986146099680804e+00 9.133296096108732831e-01
1.555102040816326525e+00 -1.294689882245529278e+00 9.231979473648576073e-01
1.573469387755102034e+00 -1.123706137035078045e+00 9.101807747507096868e-01
1.591836734693877542e+00 -9.250374578656906932e-01 8.577884710585385042e-01
1.610204081632653050e+00 -7.616888513835907704e-01 7.464799447608310157e-01
1.628571428571428559e+00 -7.053661425393422668e-01 6.164269729408501375e-01
1.646938775510204067e+00 -7.217476551772724624e-01 6.566784913875105545e-01
1.665306122448979576e+00 -4.903450850321412480e-01 6.502938219987028923e-01
1.683673469387755084e+00 -5.151990698315485062e-01 5.546042848272833004e-01
1.702040816326530592e+00 -7.531279900832006380e-01 5.816594526143997745e-01
1.720408163265306101e+00 -4.662731610053953979e-01 7.790526752794930676e-01
1.738775510204081609e+00 1.039429875338133968e-02 8.786203482042928004e-01
1.757142857142857117e+00 4.707098837179017892e-01 8.872120068498616785e-01
1.775510204081632626e+00 9.621730497910695457e-01 8.261936649613559336e-01
1.793877551020408134e+00 1.408712366107206071e+00 8.522746627958988075e-01
1.812244897959183643e+00 1.897471932015590612e+00 8.458970166946120361e-01
1.830612244897959151e+00 2.378178087480165903e+00 8.422322713570670194e-01
1.848979591836734659e+00 2.809060985158336798e+00 8.378840939407669053e-01
1.867346938775510168e+00 2.983535128565784511e+00 8.926884007016182565e-01
1.885714285714285676e+00 3.411344802733963455e+00 8.958759898398891419e-01
1.904081632653061185e+00 3.742986034413818608e+00 9.698037237430112700e-01
1.922448979591836693e+00 4.073515367868510317e+00 9.701905675272403107e-01
1.940816326530612201e+00 4.408108126460810183e+00 9.465126355219934950e-01
1.959183673469387710e+00 4.817804707341686310e+00 9.103481729229178088e-01
1.977551020408163218e+00 5.178536058287928512e+00 8.558935832450742520e-01
1.995918367346938727e+00 5.728706964316667261e+00 7.792543728951177862e-01
2.014285714285714235e+00 6.704910749185711616e+00 5.056221131937372881e-01
2.032653061224489743e+00 7.124185750986607779e+00 6.010784369021404672e-01
2.051020408163265252e+00 8.213613154477219069e+00 7.995322930327237732e-01
2.069387755102040760e+00 8.637011005657054596e+00 8.006801680051246484e-01
2.087755102040816269e+00 9.006855479687599697e+00 7.572828733666313594e-01
2.106122448979591777e+00 9.245479749212517362e+00 7.787764019915565106e-01
2.124489795918367285e+00 9.436489685220706747e+00 8.535796020645733950e-01
2.142857142857142794e+00 9.742192367392476626e+00 9.478175495446378163e-01
2.161224489795918302e+00 9.840112790511977181e+00 9.360333845348406401e-01
2.179591836734693810e+00 1.013132912559030707e+01 9.460911591296774503e-01
2.197959183673469319e+00 1.030973497450331777e+01 9.641047221519488675e-01
2.216326530612244827e+00 1.052027078832831819e+01 9.711481028937739568e-01
2.234693877551020336e+00 1.064616548967619991e+01 8.838762584676015388e-01
2.253061224489795844e+00 1.123605273779033809e+01 7.893198095712247175e-01
2.271428571428571352e+00 9.955902007492150929e+00 5.296882806286317136e-01
2.289795918367346861e+00 1.033073911807300149e+01 6.722419412375536529e-01
2.308163265306122369e+00 1.054675751285453877e+01 7.736282963529304002e-01
2.326530612244897878e+00 1.079351822698646401e+01 9.082143682046893707e-01
2.344897959183673386e+00 1.118173838403466647e+01 7.935826812882044168e-01
2.363265306122448894e+00 1.120773864476961990e+01 6.914347805829655913e-01
2.381632653061224403e+00 1.197465704429585465e+01 6.198134231707010944e-01
2.399999999999999911e+00 1.104945088600002556e+01 5.103426227975639273e-01
