1.500000000000000000e+00 1.136705439124776396e+00 9.423330904712775569e-01
1.518367346938775508e+00 1.312586827643961618e+00 8.776141493536964155e-01
1.536734693877551017e+00 1.491784626355709076e+00 8.323512642420375363e-01
1.555102040816326525e+00 1.805947558833767230e+00 8.036647199847227752e-01
1.573469387755102034e+00 1.937808638779439319e+00 7.324139675842563646e-01
1.591836734693877542e+00 2.016835516722998989e+00 6.989533249735833120e-01
1.610204081632653050e+00 2.049819474968736177e+00 7.056457461228407002e-01
1.628571428571428559e+00 2.282856036134063071e+00 8.430582579751674244e-01
1.646938775510204067e+00 2.586042683873785553e+00 8.970155965935846520e-01
1.665306122448979576e+00 3.444344326715593319e+00 8.232471012933256782e-01
1.683673469387755084e+00 4.436608089550489353e+00 7.317679472196770840e-01
1.702040816326530592e+00 5.267360195913038723e+00 8.290071561082067442e-01
1.720408163265306101e+00 5.720788017638668066e+00 9.013283513239932487e-01
1.738775510204081609e+00 6.068116434017227334e+00 9.177657363116008549e-01
1.757142857142857117e+00 6.365596833283003519e+00 9.175627325950392876e-01
1.775510204081632626e+00 6.879957640119473083e+00 9.435833715090762297e-01
1.793877551020408134e+00 7.493614934659839300e+00 9.198041805134691273e-01
1.812244897959183643e+00 7.534306391274673942e+00 7.130542870085988527e-01
1.830612244897959151e+00 7.762801668363335850e+00 7.112183289954795429e-01
1.848979591836734659e+00 8.509697325886108388e+00 8.236528583035017670e-01
1.867346938775510168e+00 9.289433940766432585e+00 8.120439629122748748e-01
1.885714285714285676e+00 1.027582649003445425e+01 8.560772036864906509e-01
1.904081632653061185e+00 1.110774277636397045e+01 5.111634716682706969e-01
1.922448979591836693e+00 1.112201068546495009e+01 7.143536297079385866e-01
1.940816326530612201e+00 1.162018355740318221e+01 7.626872305879108804e-01
1.959183673469387710e+00 1.192992849903933816e+01 8.448832102740799765e-01
1.977551020408163218e+00 1.220375233590006836e+01 8.500993342432654476e-01
1.995918367346938727e+00 1.249574297139009715e+01 8.795422706464908202e-01
2.014285714285714235e+00 1.248889995054117641e+01 6.929474075048448478e-01
2.032653061224489743e+00 1.280342268101331626e+01 8.163188432387145088e-01
2.051020408163265252e+00 1.257731835552614719e+01 8.161050869409456343e-01
2.069387755102040760e+00 1.269559782154139427e+01 7.856058862425326916e-01
2.087755102040816269e+00 1.292363785419172117e+01 7.244140334950319726e-01
2.106122448979591777e+00 1.303363457618764798e+01 6.856473615278373401e-01
2.124489795918367285e+00 1.278593509256294602e+01 8.631786745109565340e-01
2.142857142857142794e+00 1.281459012243997542e+01 8.343340144619523224e-01
2.161224489795918302e+00 1.326308954965073994e+01 7.930999756138068513e-01
2.179591836734693810e+00 1.342717651518553978e+01 7.446690383701247695e-01
2.197959183673469319e+00 1.355996376839325279e+01 7.559343823274845553e-01
2.216326530612244827e+00 1.369470739275092264e+01 7.969654599037122589e-01
2.234693877551020336e+00 1.274475711937369304e+01 6.522226671028248379e-01
2.253061224489795844e+00 1.347745170171154783e+01 4.107397718704953182e-01
2.271428571428571352e+00 1.366808541990872250e+01 4.874436824505452015e-01
2.289795918367346861e+00 1.385877294204250987e+01 6.264343640291708537e-01
2.308163265306122369e+00 1.434836728445826282e+01 6.345916726920165507e-01
2.326530612244897878e+00 1.451204508418984851e+01 7.402092147913864606e-01
2.344897959183673386e+00 1.571357339330553415e+01 6.500863095929740876e-01
2.363265306122448894e+00 1.658865025312216090e+01 6.246857963586871509e-01
2.381632653061224403e+00 1.405615668679306829e+01 6.450966520209546751e-01
2.399999999999999911e+00 1.506230886723171203e+01 6.720837342319957441e-01
