1.500000000000000000e+00 2.151697117631752754e+00 9.444970355949731111e-01
1.518367346938775508e+00 2.303721140498860898e+00 9.826276645802378695e-01
1.536734693877551017e+00 2.500807437792230914e+00 9.917157544496827404e-01
1.555102040816326525e+00 2.700211910167364060e+00 9.758136516946103178e-01
1.573469387755102034e+00 2.955042463706223810e+00 9.690684706590808606e-01
1.591836734693877542e+00 3.220040596443638048e+00 9.516506180306502083e-01
1.610204081632653050e+00 3.284220692235032324e+00 9.874924252657094614e-01
1.628571428571428559e+00 4.330475436346068463e+00 8.019381088434470728e-01
1.646938775510204067e+00 5.111193552099763338e+00 9.611142672590612390e-01
1.665306122448979576e+00 5.591051231706479996e+00 9.904590568307315435e-01
1.683673469387755084e+00 6.052173732712854637e+00 9.965655907334155517e-01
1.702040816326530592e+00 6.767622910216616994e+00 8.779430514561521459e-01
1.720408163265306101e+00 7.220686978555090896e+00 9.973854565568677222e-01
1.738775510204081609e+00 7.936137146672384901e+00 9.711556936534658790e-01
1.757142857142857117e+00 7.779372823831756101e+00 7.621759197877883141e-01
1.775510204081632626e+00 8.712787951756030935e+00 7.973179947063495643e-01
1.793877551020408134e+00 9.929802560442301029e+00 8.330428437452254142e-01
1.812244897959183643e+00 1.140227012818826680e+01 7.863259441015058027e-01
1.830612244897959151e+00 1.012757781365363918e+01 4.359628175087145729e-01
1.848979591836734659e+00 1.153106243664289288e+01 5.230492967960977957e-01
1.867346938775510168e+00 1.164112238223371421e+01 8.808374716495863677e-01
1.885714285714285676e+00 1.182469333510350040e+01 8.698343827073932166e-01
1.904081632653061185e+00 1.234173965270841755e+01 9.648804528897304555e-01
1.922448979591836693e+00 1.289050816093015328e+01 7.143287281127858046e-01
1.940816326530612201e+00 1.285893648834360192e+01 8.878662489318713824e-01
1.959183673469387710e+00 1.338501643814315578e+01 7.276709971422403722e-01
1.977551020408163218e+00 1.306515634461528030e+01 6.130771799403219591e-01
1.995918367346938727e+00 1.330598807540472706e+01 6.313871131760770972e-01
2.014285714285714235e+00 1.350962239220192274e+01 6.443107706573789617e-01
2.032653061224489743e+00 1.375470977147763207e+01 6.424881116333017728e-01
2.051020408163265252e+00 1.224390376429281346e+01 8.169932026915365242e-01
2.069387755102040760e+00 1.343322607224346577e+01 7.603988721364016712e-01
2.087755102040816269e+00 1.396087236300272139e+01 9.173112547978956588e-01
2.106122448979591777e+00 1.369578220186891571e+01 7.997087310644734881e-01
2.124489795918367285e+00 1.358809596070538639e+01 6.291166274526106550e-01
2.142857142857142794e+00 1.405886553135421480e+01 4.810958944525383085e-01
2.161224489795918302e+00 1.390251536837370594e+01 7.548200432356528822e-01
2.179591836734693810e+00 1.348954819066922894e+01 7.532201338638316868e-01
2.197959183673469319e+00 1.416133728592925678e+01 7.878832399642967665e-01
2.216326530612244827e+00 1.702783196128087084e+01 6.780324449466180736e-01
2.234693877551020336e+00 1.882280235360258658e+01 7.003868688000555176e-01
2.253061224489795844e+00 1.932238678548661071e+01 6.901195685623773279e-01
2.271428571428571352e+00 1.960592744141288080e+01 6.612675021762335348e-01
2.289795918367346861e+00 1.992336597505855877e+01 5.863381866711472323e-01
2.308163265306122369e+00 2.075418535009066900e+01 5.235503277527862043e-01
2.326530612244897878e+00 2.351822531536166849e+01 8.578595550456932228e-01
2.344897959183673386e+00 2.486945754208776904e+01 7.783832267958623596e-01
2.363265306122448894e+00 2.524627644376978353e+01 7.684932474457429885e-01
2.381632653061224403e+00 2.552698718505190101e+01 7.976409479854282836e-01
2.399999999999999911e+00 2.599419685318325790e+01 8.183480826562444799e-01
