1.500000000000000000e+00 1.857783795150790562e-01 9.495447973489802296e-01
1.518367346938775508e+00 4.022071089688874501e-01 9.012882139117162072e-01
1.536734693877551017e+00 4.851790024557153247e-01 9.048476184036114978e-01
1.555102040816326525e+00 7.522640410365117880e-01 8.878057728193000653e-01
1.573469387755102034e+00 1.096504849917729896e+00 8.969562560773302051e-01
1.591836734693877542e+00 1.347992262079406700e+00 7.280759602419032417e-01
1.610204081632653050e+00 1.792980255917113963e+00 7.195850042105370603e-01
1.628571428571428559e+00 2.012225621869526915e+00 6.679201650721620087e-01
1.646938775510204067e+00 1.997268210499532959e+00 7.187334508392577703e-01
1.665306122448979576e+00 1.923287353736375938e+00 7.844817443519597200e-01
1.683673469387755084e+00 1.847491177607803570e+00 9.593593659909818161e-01
1.702040816326530592e+00 2.798772746845920256e+00 8.867702641448860224e-01
1.720408163265306101e+00 3.564126773486136823e+00 6.874679854599886619e-01
1.738775510204081609e+00 4.178479921298984934e+00 8.586485378875827745e-01
1.757142857142857117e+00 4.986592258625355711e+00 8.579941924001657227e-01
1.775510204081632626e+00 5.331634264980202431e+00 8.103245480682321755e-01
1.793877551020408134e+00 5.384648173872479404e+00 9.246917788130110116e-01
1.812244897959183643e+00 5.818847503583673308e+00 9.712801793853497179e-01
1.830612244897959151e+00 6.390513906751276174e+00 8.374926676891382149e-01
1.848979591836734659e+00 7.045507411154305011e+00 8.754111703927845989e-01
1.867346938775510168e+00 7.084948600292481302e+00 7.516869299322325171e-01
1.885714285714285676e+00 8.089780352375020911e+00 6.680947782458297457e-01
1.904081632653061185e+00 9.586501493955953634e+00 5.393414110922688520e-01
1.922448979591836693e+00 1.061397421939890329e+01 5.457793065214696648e-01
1.940816326530612201e+00 1.143083982632857420e+01 6.967474124679720049e-01
1.959183673469387710e+00 1.092430596799876241e+01 7.603109350498663543e-01
1.977551020408163218e+00 1.105590381790407228e+01 7.635027445369341192e-01
1.995918367346938727e+00 1.150659166944334544e+01 8.747639127798572112e-01
2.014285714285714235e+00 1.130422289040604689e+01 7.837809133082145330e-01
2.032653061224489743e+00 1.174516012784755681e+01 8.801904094985055771e-01
2.051020408163265252e+00 1.199738501308884331e+01 9.303335599684984247e-01
2.069387755102040760e+00 1.249282357306130287e+01 8.079491717112664562e-01
2.087755102040816269e+00 1.203371389301597283e+01 7.796294696109870026e-01
2.106122448979591777e+00 1.260625474145949632e+01 9.210955784342469421e-01
2.124489795918367285e+00 1.220784271451756986e+01 8.641363964166848266e-01
2.142857142857142794e+00 1.235908412604418594e+01 7.854747400516577382e-01
2.161224489795918302e+00 1.267833654835017221e+01 8.458568635247474266e-01
2.179591836734693810e+00 1.180896525744825176e+01 6.581041801691940307e-01
2.197959183673469319e+00 1.226503059204164714e+01 6.823303741461421712e-01
2.216326530612244827e+00 1.282789741317814070e+01 8.290342269343858872e-01
2.234693877551020336e+00 1.292071703460616483e+01 6.878049664761717308e-01
2.253061224489795844e+00 1.311958804313995763e+01 6.975243029817606022e-01
2.271428571428571352e+00 1.303691910641654594e+01 7.302565285494151404e-01
2.289795918367346861e+00 1.336545169843038749e+01 8.457810850983468187e-01
2.308163265306122369e+00 1.415568149832100353e+01 6.292376521233992159e-01
2.326530612244897878e+00 1.330678373115132196e+01 7.364586822252752185e-01
2.344897959183673386e+00 1.281550399262560269e+01 6.292204676984215483e-01
2.363265306122448894e+00 1.282599449942931358e+01 5.267796326271115825e-01
2.381632653061224403e+00 1.357590971780085987e+01 6.760323782629390488e-01
2.399999999999999911e+00 1.412954055652131657e+01 7.933382683843877015e-01
