1.500000000000000000e+00 1.790519245131509507e+00 9.023027075591613100e-01
1.518367346938775508e+00 1.897108808833835036e+00 9.434223122582144905e-01
1.536734693877551017e+00 2.042466053515279434e+00 9.465597380773950187e-01
1.555102040816326525e+00 2.330898233073139370e+00 8.796245516989382729e-01
1.573469387755102034e+00 2.414280892804954171e+00 9.161492338334914498e-01
1.591836734693877542e+00 2.658698253422040025e+00 9.078288740519961930e-01
1.610204081632653050e+00 2.969338923425576926e+00 8.516504835671937501e-01
1.628571428571428559e+00 3.800629910941546896e+00 8.609735884152367458e-01
1.646938775510204067e+00 4.594163161237104553e+00 8.243624821195841834e-01
1.665306122448979576e+00 5.531282995561086047e+00 8.217219282288478199e-01
1.683673469387755084e+00 6.010262446646178702e+00 8.502379209455466214e-01
1.702040816326530592e+00 6.256380025874833883e+00 9.272350188289281148e-01
1.720408163265306101e+00 6.836323683004713381e+00 8.220762296006836056e-01
1.738775510204081609e+00 7.317609713244842773e+00 8.645094591699542530e-01
1.757142857142857117e+00 7.514474289638934934e+00 8.065109093213738145e-01
1.775510204081632626e+00 7.772179828671660573e+00 8.367171432173138301e-01
1.793877551020408134e+00 8.353944554939173983e+00 8.022420285861565636e-01
1.812244897959183643e+00 9.056480655587515471e+00 7.952230991784020597e-01
1.830612244897959151e+00 1.011721058301677800e+01 8.069967895585945517e-01
1.848979591836734659e+00 1.137742208348903361e+01 4.647931124298019245e-01
1.867346938775510168e+00 1.110474684991474170e+01 7.001251524004191706e-01
1.885714285714285676e+00 1.166935632689702373e+01 7.742875184719750781e-01
1.904081632653061185e+00 1.220162528147853465e+01 8.245104341548337157e-01
1.922448979591836693e+00 1.244310887250328790e+01 8.266266029002631299e-01
1.940816326530612201e+00 1.277954103701205746e+01 8.375904011504122781e-01
1.959183673469387710e+00 1.333541490962563358e+01 7.982895565803557192e-01
1.977551020408163218e+00 1.251993888266462207e+01 8.358793181926776894e-01
1.995918367346938727e+00 1.305232089882523283e+01 5.970741371112354701e-01
2.014285714285714235e+00 1.311783043463415233e+01 7.367844253113716713e-01
2.032653061224489743e+00 1.299629174517234631e+01 8.009429221673711741e-01
2.051020408163265252e+00 1.239677049206408910e+01 7.866891484167670701e-01
2.069387755102040760e+00 1.279232161234480181e+01 8.913948737537572553e-01
2.087755102040816269e+00 1.269427099124235703e+01 9.400334837777493124e-01
2.106122448979591777e+00 1.319604201147580369e+01 8.699270784127541845e-01
2.124489795918367285e+00 1.314015460448582573e+01 8.780932845526762121e-01
2.142857142857142794e+00 1.323442867901755626e+01 7.051919525695883317e-01
2.161224489795918302e+00 1.358230684952151535e+01 8.310456753214728876e-01
2.179591836734693810e+00 1.371808590862249133e+01 8.405155050251228444e-01
2.197959183673469319e+00 1.402962000745617921e+01 8.374819343129783489e-01
2.216326530612244827e+00 1.535065679080397594e+01 8.611388956172661979e-01
2.234693877551020336e+00 1.521480524214703145e+01 8.922763819110629546e-01
2.253061224489795844e+00 1.508203346865782279e+01 8.937403243905237549e-01
2.271428571428571352e+00 1.487631184859292510e+01 9.136617609492213576e-01
2.289795918367346861e+00 1.225245079915150903e+01 7.634471113884931937e-01
2.308163265306122369e+00 1.423273270832832260e+01 9.230075795606128564e-01
2.326530612244897878e+00 1.651197059538391443e+01 7.149839611340766954e-01
2.344897959183673386e+00 1.770678747534823572e+01 8.785602368860253586e-01
2.363265306122448894e+00 1.800594300215493604e+01 8.817807502094043848e-01
2.381632653061224403e+00 1.810769432098435061e+01 8.112004382136952518e-01
2.399999999999999911e+00 1.869716076358939105e+01 6.653952141613610483e-01
