1.500000000000000000e+00 3.025058753322332095e+00 8.246850567741471627e-01
1.518367346938775508e+00 3.572705694027572765e+00 9.640910571223451075e-01
1.536734693877551017e+00 3.982268060783932029e+00 9.476624789323522258e-01
1.555102040816326525e+00 4.302010470379311613e+00 9.085325867377687103e-01
1.573469387755102034e+00 4.664944710197169719e+00 9.051463919328059937e-01
1.591836734693877542e+00 4.621487177445510852e+00 9.171877782617585684e-01
1.610204081632653050e+00 4.620398991077237838e+00 6.726181971402062088e-01
1.628571428571428559e+00 4.950935167978766316e+00 8.866217525343238481e-01
1.646938775510204067e+00 5.964845281602928040e+00 8.203046526711607056e-01
1.665306122448979576e+00 3.275132800429377600e+00 4.979619236569663432e-01
1.683673469387755084e+00 3.593481844930053626e+00 6.365958652470060652e-01
1.702040816326530592e+00 3.338011076909387587e+00 5.681535492632926454e-01
1.720408163265306101e+00 4.009302190291291090e+00 8.859842151750637607e-01
1.738775510204081609e+00 3.789936482594758793e+00 8.425754398013589608e-01
1.757142857142857117e+00 4.005907629928827873e+00 8.385831495645593714e-01
1.775510204081632626e+00 4.443736439335110866e+00 8.799486223230735815e-01
1.793877551020408134e+00 4.052402240534158651e+00 6.629750058610914820e-01
1.812244897959183643e+00 4.208659468925953107e+00 7.740341539339609112e-01
1.830612244897959151e+00 3.906343276942517928e+00 7.636524386537764109e-01
1.848979591836734659e+00 4.019067664665293194e+00 7.035636946345584786e-01
1.867346938775510168e+00 4.235981473080117965e+00 8.932758659505070087e-01
1.885714285714285676e+00 4.369681078572242861e+00 8.696531388171988564e-01
1.904081632653061185e+00 4.492885285202414813e+00 8.883788170773883053e-01
1.922448979591836693e+00 4.638750426743720290e+00 8.786452547792018564e-01
1.940816326530612201e+00 4.687241176351778726e+00 8.292339592191616537e-01
1.959183673469387710e+00 4.588236778817911699e+00 6.495508695585457959e-01
1.977551020408163218e+00 5.256500267826318407e+00 5.486833830768607090e-01
1.995918367346938727e+00 4.563441580388163388e+00 6.043552535102378886e-01
2.014285714285714235e+00 5.135068077218615024e+00 5.340187480093645522e-01
2.032653061224489743e+00 5.314467555035977675e+00 4.445814858393261071e-01
2.051020408163265252e+00 4.113490091340606725e+00 6.217241753107398683e-01
2.069387755102040760e+00 4.480480521772548741e+00 7.270188172940424964e-01
2.087755102040816269e+00 4.879458727998497558e+00 4.772088756772658313e-01
2.106122448979591777e+00 3.948291207152025084e+00 9.033705138107900323e-01
2.124489795918367285e+00 4.203695081212959650e+00 8.864610259204750431e-01
2.142857142857142794e+00 4.386994902174214062e+00 8.695572859457957327e-01
2.161224489795918302e+00 4.462306707747210055e+00 7.556433425073697530e-01
2.179591836734693810e+00 4.728978670476172042e+00 8.288826000371762870e-01
2.197959183673469319e+00 4.306424634865813950e+00 7.048830552848546205e-01
2.216326530612244827e+00 4.344967434978855181e+00 7.022928051852326270e-01
2.234693877551020336e+00 4.612955122083034709e+00 6.817074690303739359e-01
2.253061224489795844e+00 4.243332252717843645e+00 6.016409266223340380e-01
2.271428571428571352e+00 4.898393572325793421e+00 6.945977544088822730e-01
2.289795918367346861e+00 4.705030725077111953e+00 7.660264366957133531e-01
2.308163265306122369e+00 4.944324787482625716e+00 8.167904328547530568e-01
2.326530612244897878e+00 5.050616731622214139e+00 7.231337518693813360e-01
2.344897959183673386e+00 5.367357082625400899e+00 7.469170888972938016e-01
2.363265306122448894e+00 5.559942363458626247e+00 9.192696076312502074e-01
2.381632653061224403e+00 5.864090512271912026e+00 8.487890097359496178e-01
2.399999999999999911e+00 5.577678009341641818e+00 8.522196425638060013e-01
