1.500000000000000000e+00 2.423639717001738969e+00 6.806635268448575360e-01
1.518367346938775508e+00 1.579722132852081629e+00 9.285220679515778786e-01
1.536734693877551017e+00 2.305816435124010688e+00 8.913235455225676507e-01
1.555102040816326525e+00 2.747850599989821951e+00 8.816162034505016232e-01
1.573469387755102034e+00 3.074246950738480866e+00 9.345895054579339556e-01
1.591836734693877542e+00 3.440751470163496251e+00 9.731134362677217320e-01
1.610204081632653050e+00 3.815103159213995454e+00 8.344175018749884210e-01
1.628571428571428559e+00 5.011537966491437679e+00 5.376969496517048919e-01
1.646938775510204067e+00 2.809262756824864926e+00 9.499813316188914225e-01
1.665306122448979576e+00 3.439886954025998644e+00 9.154401223992614245e-01
1.683673469387755084e+00 3.637638917347450374e+00 7.837979891246893427e-01
1.702040816326530592e+00 1.045549506674411377e+00 6.954652104082373887e-01
1.720408163265306101e+00 2.602027914592897950e+00 6.278770826890571755e-01
1.738775510204081609e+00 2.761306933162031463e+00 6.700025534396019111e-01
1.757142857142857117e+00 2.752937830638604311e+00 7.050627324386582462e-01
1.775510204081632626e+00 3.217627117999470432e+00 9.681211147168646836e-01
1.793877551020408134e+00 3.538848494426242830e+00 8.878138232589135592e-01
1.812244897959183643e+00 3.263092924239102910e+00 7.995210115821143049e-01
1.830612244897959151e+00 1.739394177648903694e+00 3.733406741043180377e-01
1.848979591836734659e+00 3.140665905671982561e+00 8.957776197999699486e-01
1.867346938775510168e+00 3.168009378597968162e+00 8.725756919748439699e-01
1.885714285714285676e+00 3.408375946523636735e+00 8.734806712195295475e-01
1.904081632653061185e+00 3.453731366328909758e+00 8.752537291333646330e-01
1.922448979591836693e+00 3.364917417449802883e+00 9.238979964932428901e-01
1.940816326530612201e+00 3.688922520136073580e+00 9.245119346345214151e-01
1.959183673469387710e+00 3.814849413432086944e+00 9.491954107156902465e-01
1.977551020408163218e+00 3.953764911232322099e+00 9.084394642345472448e-01
1.995918367346938727e+00 4.184191921016353177e+00 9.374428626490981520e-01
2.014285714285714235e+00 4.563316412856846860e+00 8.245096492353032325e-01
2.032653061224489743e+00 4.889059014356232247e+00 3.815632603553055224e-01
2.051020408163265252e+00 3.896737661587970969e+00 4.797081009691960274e-01
2.069387755102040760e+00 4.412311542149573107e+00 4.414801917591511526e-01
2.087755102040816269e+00 4.298462811871984535e+00 6.299968296555042979e-01
2.106122448979591777e+00 4.575390941422708302e+00 4.657626299431814609e-01
2.124489795918367285e+00 2.526760212396674365e+00 5.150738151437268542e-01
2.142857142857142794e+00 3.431443000424360346e+00 6.676312938138359021e-01
2.161224489795918302e+00 1.864956854657330076e+00 6.996184215886521729e-01
2.179591836734693810e+00 2.857990926416355659e+00 6.188673147745593628e-01
2.197959183673469319e+00 2.809058835048175329e+00 6.100834908423068415e-01
2.216326530612244827e+00 2.991756702244802835e+00 6.724036972989970717e-01
2.234693877551020336e+00 3.074971016299917981e+00 6.625854495056451299e-01
2.253061224489795844e+00 3.157038113211988684e+00 6.700450946236432559e-01
2.271428571428571352e+00 3.052360684840646154e+00 4.995871587100339517e-01
2.289795918367346861e+00 2.883091525402690092e+00 6.852777093518005458e-01
2.308163265306122369e+00 3.251876208695129833e+00 8.910481897843333110e-01
2.326530612244897878e+00 3.599280060530463121e+00 9.344680370747961984e-01
2.344897959183673386e+00 3.881046870167252028e+00 9.141911322563514020e-01
2.363265306122448894e+00 4.105834016705827594e+00 8.629229472894269781e-01
2.381632653061224403e+00 4.448224381031375074e+00 8.220504452095214187e-01
2.399999999999999911e+00 4.650876028591352629e+00 6.840112161830620430e-01
