1.500000000000000000e+00 -1.925218495056837620e+00 7.864196175539767131e-01
1.518367346938775508e+00 -1.795394896587408695e+00 8.601204416391786678e-01
1.536734693877551017e+00 -1.697569711771274470e+00 8.604297681683608090e-01
1.555102040816326525e+00 -1.633208800566258168e+00 8.646331127235939995e-01
1.573469387755102034e+00 -1.516727293226628026e+00 9.172366966322547110e-01
1.591836734693877542e+00 -1.214274824158426913e+00 8.178299354946695354e-01
1.610204081632653050e+00 -9.967421678178993716e-01 6.814756741896368375e-01
1.628571428571428559e+00 -8.048978780427972213e-01 6.767944312862291811e-01
1.646938775510204067e+00 -1.004695482023486353e+00 5.935717982007769900e-01
1.665306122448979576e+00 -1.264412755127878096e+00 5.630370409359779504e-01
1.683673469387755084e+00 -1.227504368376152621e+00 6.055116973540940473e-01
1.702040816326530592e+00 -1.076753308974982337e+00 6.602258423052631553e-01
1.720408163265306101e+00 -6.403216433419679499e-01 8.039803354427387250e-01
1.738775510204081609e+00 -1.421591291538513990e-01 8.083813309697784888e-01
1.757142857142857117e+00 3.404400187230696151e-01 7.973160917774471113e-01
1.775510204081632626e+00 8.286961433153503531e-01 7.807033371428401258e-01
1.793877551020408134e+00 1.342846138565852554e+00 7.774490504165808558e-01
1.812244897959183643e+00 1.867855314584858650e+00 7.787908623454150581e-01
1.830612244897959151e+00 2.400544450119721063e+00 7.329630249043085355e-01
1.848979591836734659e+00 2.582196017772860674e+00 8.086746094291671350e-01
1.867346938775510168e+00 2.711820094133533310e+00 9.494818322516402898e-01
1.885714285714285676e+00 3.327035690895274289e+00 8.982357298040227755e-01
1.904081632653061185e+00 3.524094198652521825e+00 8.862494712395213581e-01
1.922448979591836693e+00 3.982900909426429603e+00 9.655930063834609056e-01
1.940816326530612201e+00 4.419559121015842251e+00 9.512915080141329804e-01
1.959183673469387710e+00 4.895878699096346764e+00 8.540437027323117825e-01
1.977551020408163218e+00 5.241555743239222132e+00 6.820055496273533802e-01
1.995918367346938727e+00 5.808916587600601034e+00 6.834263383978415041e-01
2.014285714285714235e+00 6.654656378016817975e+00 5.264818690981851734e-01
2.032653061224489743e+00 6.897347832130154899e+00 6.004108096315073917e-01
2.051020408163265252e+00 7.866404130040081100e+00 8.589680026573829341e-01
2.069387755102040760e+00 8.476854688941667604e+00 6.944410294285078278e-01
2.087755102040816269e+00 8.568304546521769538e+00 6.938093904890149100e-01
2.106122448979591777e+00 8.736670903701396540e+00 7.080981275093828353e-01
2.124489795918367285e+00 8.875670499488618859e+00 8.269485085036377692e-01
2.142857142857142794e+00 9.424546009973679972e+00 8.745951552087619651e-01
2.161224489795918302e+00 9.537560862584250287e+00 9.359469464388509019e-01
2.179591836734693810e+00 9.834900744871223566e+00 8.502733421357467902e-01
2.197959183673469319e+00 1.001583502511555501e+01 7.967601822611811713e-01
2.216326530612244827e+00 1.015435988775132614e+01 7.820449698361499058e-01
2.234693877551020336e+00 1.050946415326473193e+01 6.929084943475064540e-01
2.253061224489795844e+00 1.026436376260346606e+01 6.386192765192536536e-01
2.271428571428571352e+00 9.798695945509521721e+00 7.798546657000545723e-01
2.289795918367346861e+00 1.007831125445244602e+01 8.258411817960055190e-01
2.308163265306122369e+00 1.030258369317526146e+01 7.496235726437222580e-01
2.326530612244897878e+00 1.051247194198979784e+01 8.080925541199124318e-01
2.344897959183673386e+00 1.085515556814571880e+01 8.166294922095237441e-01
2.363265306122448894e+00 1.123966036858840312e+01 8.057268533866045468e-01
2.381632653061224403e+00 1.178176899153512380e+01 6.481096280834386381e-01
2.399999999999999911e+00 1.095560548852354010e+01 6.343248042745450732e-01
