1.500000000000000000e+00 -7.518919939124157903e-01 8.210930987033321360e-01
1.518367346938775508e+00 -6.209149834980441929e-01 8.401528214982639797e-01
1.536734693877551017e+00 -4.739081895614059015e-01 8.291253545895890253e-01
1.555102040816326525e+00 -3.180412014890786621e-01 7.785458710428363460e-01
1.573469387755102034e+00 -2.150690919803500967e-01 6.776106360358927772e-01
1.591836734693877542e+00 -2.712918356562401545e-01 6.060526845950263697e-01
1.610204081632653050e+00 -1.786609504521329550e-01 5.941751692394565687e-01
1.628571428571428559e+00 -2.188124559824151938e-01 5.307858596931308570e-01
1.646938775510204067e+00 -2.828642482692343973e-01 5.836151118944594707e-01
1.665306122448979576e+00 -1.280151723666053329e-02 7.163055614973824481e-01
1.683673469387755084e+00 3.752048752981374524e-01 8.299866936725993627e-01
1.702040816326530592e+00 8.582702698768820415e-01 9.332074914816490541e-01
1.720408163265306101e+00 1.484238399986451240e+00 9.868748710647818889e-01
1.738775510204081609e+00 2.162387439370192066e+00 8.583283003813108047e-01
1.757142857142857117e+00 2.721064007645316085e+00 7.090851070207461193e-01
1.775510204081632626e+00 3.234899782894551379e+00 6.617066610992339282e-01
1.793877551020408134e+00 3.875017690544594107e+00 7.411298653983344753e-01
1.812244897959183643e+00 2.780375884552994226e+00 7.764530595969303395e-01
1.830612244897959151e+00 3.452859069945963366e+00 8.837309020593715481e-01
1.848979591836734659e+00 4.157371901123212865e+00 9.830700317122045284e-01
1.867346938775510168e+00 4.628064703016563364e+00 9.358117093924146479e-01
1.885714285714285676e+00 4.990153423541027422e+00 9.222076721296740276e-01
1.904081632653061185e+00 5.356437251590667081e+00 9.113772034873834915e-01
1.922448979591836693e+00 5.696379622987378433e+00 8.522471399724810270e-01
1.940816326530612201e+00 6.268127070357403241e+00 8.249579359036750548e-01
1.959183673469387710e+00 7.195340549996037005e+00 5.285046322550426279e-01
1.977551020408163218e+00 7.589385211766686012e+00 6.256434902782198604e-01
1.995918367346938727e+00 8.240683792921908335e+00 5.973744307799998543e-01
2.014285714285714235e+00 8.933266812873792873e+00 6.116750194992426337e-01
2.032653061224489743e+00 9.371100556674669235e+00 6.544596113510846580e-01
2.051020408163265252e+00 9.656944088403321302e+00 6.923258992370884268e-01
2.069387755102040760e+00 9.862084377879584807e+00 7.777047932040445088e-01
2.087755102040816269e+00 1.023294554742245488e+01 9.772102726510263349e-01
2.106122448979591777e+00 1.054982284415034322e+01 9.358482733172470702e-01
2.124489795918367285e+00 1.071047422460141796e+01 9.122201045954337895e-01
2.142857142857142794e+00 1.086428397113786559e+01 8.601031495995561382e-01
2.161224489795918302e+00 1.103875380384562099e+01 8.911748636191828554e-01
2.179591836734693810e+00 1.127517115516176283e+01 8.139224842415293537e-01
2.197959183673469319e+00 1.164071705771587162e+01 7.817692819437599416e-01
2.216326530612244827e+00 1.109743187366026973e+01 3.099212205068641035e-01
2.234693877551020336e+00 1.112319259384027603e+01 4.781166478738074210e-01
2.253061224489795844e+00 1.120745718442375427e+01 7.595553523640031779e-01
2.271428571428571352e+00 1.159214912179125534e+01 9.191968927435604231e-01
2.289795918367346861e+00 1.228385986929336759e+01 6.041786394780607194e-01
2.308163265306122369e+00 1.211023926752349489e+01 3.102468597678773032e-01
2.326530612244897878e+00 9.267688261739936095e+00 3.890985346231751740e-01
2.344897959183673386e+00 1.140884828959285358e+01 4.921067900238701998e-01
2.363265306122448894e+00 1.180042037724917670e+01 4.729703155981025975e-01
2.381632653061224403e+00 1.220935973413871167e+01 7.281872480416625715e-01
2.399999999999999911e+00 1.230238763450480199e+01 6.990373025634805115e-01
