1.500000000000000000e+00 2.599329797672303322e+00 5.401128596340105670e-01
1.518367346938775508e+00 1.789123800174622803e+00 8.490648713229393962e-01
1.536734693877551017e+00 2.559096613567648060e+00 8.796224441752007461e-01
1.555102040816326525e+00 2.977940676100065076e+00 9.075274653932206004e-01
1.573469387755102034e+00 3.327778145453822667e+00 9.384673382556547594e-01
1.591836734693877542e+00 3.719440412923908479e+00 9.782993468617497967e-01
1.610204081632653050e+00 4.141571684563914779e+00 8.073761123322937827e-01
1.628571428571428559e+00 4.700652048875356037e+00 7.450252204696544700e-01
1.646938775510204067e+00 3.530372467865197539e+00 8.141536941256485305e-01
1.665306122448979576e+00 3.995530081375737730e+00 6.673140231964842517e-01
1.683673469387755084e+00 4.414220696727188198e+00 6.342570649925781678e-01
1.702040816326530592e+00 1.655486557404518333e+00 4.978866569092799121e-01
1.720408163265306101e+00 2.723068139592418113e+00 7.866307636302670714e-01
1.738775510204081609e+00 2.911808017563909168e+00 7.880482727307165369e-01
1.757142857142857117e+00 3.090343799151257009e+00 8.325124623065137675e-01
1.775510204081632626e+00 3.405468426896777423e+00 9.560021725606026033e-01
1.793877551020408134e+00 3.731657986343714040e+00 9.227757118921693369e-01
1.812244897959183643e+00 3.649564906609271020e+00 7.756154128061544251e-01
1.830612244897959151e+00 3.187597895451813823e+00 5.621480176561420850e-01
1.848979591836734659e+00 3.408129835013650411e+00 8.335519126244096411e-01
1.867346938775510168e+00 3.572202651338407531e+00 8.636758068727948823e-01
1.885714285714285676e+00 3.710110643928539176e+00 8.503829028676918034e-01
1.904081632653061185e+00 3.695067728245307048e+00 9.174892033346881970e-01
1.922448979591836693e+00 3.834993561901845371e+00 9.336838728051622960e-01
1.940816326530612201e+00 3.991381394420025153e+00 9.028949481037326086e-01
1.959183673469387710e+00 4.153097265722167641e+00 8.654883130383077550e-01
1.977551020408163218e+00 3.978404287279565299e+00 7.629833503341131307e-01
1.995918367346938727e+00 4.163355065007428024e+00 7.884883123080604905e-01
2.014285714285714235e+00 4.392086772212612900e+00 8.036935937441255229e-01
2.032653061224489743e+00 5.006573427280640587e+00 4.481031925064678512e-01
2.051020408163265252e+00 4.100301244549839907e+00 6.971239455899074233e-01
2.069387755102040760e+00 4.673006095103065860e+00 5.361409343371761338e-01
2.087755102040816269e+00 4.225310843145702933e+00 7.175668176539965470e-01
2.106122448979591777e+00 4.451126185765339471e+00 6.697189106246185242e-01
2.124489795918367285e+00 3.393562258377774921e+00 7.508546372291022841e-01
2.142857142857142794e+00 4.147483494909751656e+00 8.490018642883535582e-01
2.161224489795918302e+00 2.999432872975289488e+00 7.046900775292965768e-01
2.179591836734693810e+00 3.745662886218081411e+00 7.926640686964688820e-01
2.197959183673469319e+00 3.614106517352198900e+00 7.770922733777492208e-01
2.216326530612244827e+00 3.479851086204301502e+00 7.395511672454245788e-01
2.234693877551020336e+00 3.517122374196421930e+00 7.642535361955732354e-01
2.253061224489795844e+00 3.514395252005561243e+00 8.004974206071920895e-01
2.271428571428571352e+00 3.646947668492981354e+00 7.368892676757777815e-01
2.289795918367346861e+00 3.579179164084500542e+00 5.729128655084331223e-01
2.308163265306122369e+00 3.806074413889844354e+00 8.219135111005457794e-01
2.326530612244897878e+00 4.008035645907108702e+00 8.430691561326205674e-01
2.344897959183673386e+00 4.235638240504351337e+00 8.564332079299217249e-01
2.363265306122448894e+00 4.463634435983964366e+00 8.446104724885197257e-01
2.381632653061224403e+00 4.707285140730314232e+00 8.377455075337616464e-01
2.399999999999999911e+00 5.016016147023802496e+00 7.806447293340573745e-01
