1.500000000000000000e+00 -1.292989433278744382e+00 9.136591120176534853e-01
1.518367346938775508e+00 -8.165919189444548199e-01 9.381824494801322967e-01
1.536734693877551017e+00 -5.164657549062067199e-01 9.186782232358725597e-01
1.555102040816326525e+00 -3.800687735658529465e-01 8.612727811480545004e-01
1.573469387755102034e+00 -1.398413921196332288e-01 8.107174359240449935e-01
1.591836734693877542e+00 1.437467410565061998e-01 7.378220467565420604e-01
1.610204081632653050e+00 2.905729174114947355e+00 6.447029949026781281e-01
1.628571428571428559e+00 4.733955480464111965e+00 5.847119557733200246e-01
1.646938775510204067e+00 5.146895530257168616e+00 6.554624795411074789e-01
1.665306122448979576e+00 4.871360649557969325e+00 7.439293936970893251e-01
1.683673469387755084e+00 4.521054680387889491e+00 6.457777869752429067e-01
1.702040816326530592e+00 5.391014394370900575e+00 9.704662614449484082e-01
1.720408163265306101e+00 5.533900507769989652e+00 9.608731843854037002e-01
1.738775510204081609e+00 5.649669754369422314e+00 9.756116996577750555e-01
1.757142857142857117e+00 5.633415302055231777e+00 9.765603124771551347e-01
1.775510204081632626e+00 5.494958982909232681e+00 8.869221477441153745e-01
1.793877551020408134e+00 5.281353609070223776e+00 8.307111384425708289e-01
1.812244897959183643e+00 5.702331553984017809e+00 9.547250486416801740e-01
1.830612244897959151e+00 5.782826310900902378e+00 9.417509585776516756e-01
1.848979591836734659e+00 5.866832952667524914e+00 9.622432902513665676e-01
1.867346938775510168e+00 6.116386711566165424e+00 9.061911539295575135e-01
1.885714285714285676e+00 6.013845023948027446e+00 8.923314051432836846e-01
1.904081632653061185e+00 6.043960212580950397e+00 8.837418590781854766e-01
1.922448979591836693e+00 6.264200774503069447e+00 9.109444167136118153e-01
1.940816326530612201e+00 6.796900879358022785e+00 5.341887732681749323e-01
1.959183673469387710e+00 5.915412562158517851e+00 7.427128935793141373e-01
1.977551020408163218e+00 6.222325220282295177e+00 8.106247401077373294e-01
1.995918367346938727e+00 6.918787240299002939e+00 5.406994115249116328e-01
2.014285714285714235e+00 6.004942884528306379e+00 7.981892115198582216e-01
2.032653061224489743e+00 6.760065402400547541e+00 6.158625843731901917e-01
2.051020408163265252e+00 5.568545784976393520e+00 8.933061909549504520e-01
2.069387755102040760e+00 5.700449986793091561e+00 8.953730409392157696e-01
2.087755102040816269e+00 5.862217735540562025e+00 7.563489046423067519e-01
2.106122448979591777e+00 6.474719278943183554e+00 7.733541650859654393e-01
2.124489795918367285e+00 5.344372276813354361e+00 8.251816453677007779e-01
2.142857142857142794e+00 5.714926667554292905e+00 7.172346984314079688e-01
2.161224489795918302e+00 5.288813758974792556e+00 6.611937488970822674e-01
2.179591836734693810e+00 5.211810004960187648e+00 7.749608406190848786e-01
2.197959183673469319e+00 5.451122055212909601e+00 8.091407088424178440e-01
2.216326530612244827e+00 5.614071647210200133e+00 7.998181038288934008e-01
2.234693877551020336e+00 5.930620041221567718e+00 7.352083565896684325e-01
2.253061224489795844e+00 5.697859328917098232e+00 8.470799334308937167e-01
2.271428571428571352e+00 6.113045136084971354e+00 8.654958817720181941e-01
2.289795918367346861e+00 6.426650895476267777e+00 6.813434384150940382e-01
2.308163265306122369e+00 6.783294564784350555e+00 8.661608393623821955e-01
2.326530612244897878e+00 7.555313913215208288e+00 6.249125882547437172e-01
2.344897959183673386e+00 5.599639931179940966e+00 6.373592924410951266e-01
2.363265306122448894e+00 2.695224395664678863e+00 6.902447199471771766e-01
2.381632653061224403e+00 5.796840010743160576e+00 8.115975581935045424e-01
2.399999999999999911e+00 6.609966337893414590e+00 6.611872782204112342e-01
